 400 0.0995 0.1030
 401 0.0921 0.0932
 402 0.0855 0.0842
 403 0.0804 0.0770
 404 0.0768 0.0715
 405 0.0741 0.0674
 406 0.0725 0.0647
 407 0.0711 0.0624
 408 0.0699 0.0602
 409 0.0690 0.0585
 410 0.0678 0.0565
 411 0.0666 0.0543
 412 0.0657 0.0526
 413 0.0652 0.0515
 414 0.0649 0.0507
 415 0.0647 0.0499
 416 0.0645 0.0493
 417 0.0645 0.0489
 418 0.0644 0.0485
 419 0.0644 0.0481
 420 0.0643 0.0477
 421 0.0641 0.0469
 422 0.0639 0.0463
 423 0.0638 0.0457
 424 0.0639 0.0455
 425 0.0640 0.0453
 426 0.0639 0.0448
 427 0.0637 0.0443
 428 0.0636 0.0440
 429 0.0636 0.0437
 430 0.0635 0.0433
 431 0.0633 0.0428
 432 0.0632 0.0425
 433 0.0632 0.0422
 434 0.0632 0.0420
 435 0.0632 0.0419
 436 0.0632 0.0418
 437 0.0633 0.0419
 438 0.0634 0.0420
 439 0.0636 0.0422
 440 0.0639 0.0426
 441 0.0645 0.0434
 442 0.0651 0.0443
 443 0.0657 0.0452
 444 0.0664 0.0463
 445 0.0671 0.0475
 446 0.0679 0.0487
 447 0.0687 0.0500
 448 0.0697 0.0516
 449 0.0709 0.0534
 450 0.0720 0.0553
 451 0.0733 0.0572
 452 0.0747 0.0594
 453 0.0761 0.0616
 454 0.0774 0.0636
 455 0.0787 0.0656
 456 0.0800 0.0676
 457 0.0813 0.0696
 458 0.0824 0.0714
 459 0.0834 0.0730
 460 0.0843 0.0744
 461 0.0851 0.0757
 462 0.0857 0.0767
 463 0.0862 0.0776
 464 0.0868 0.0786
 465 0.0874 0.0796
 466 0.0880 0.0806
 467 0.0885 0.0813
 468 0.0888 0.0820
 469 0.0893 0.0827
 470 0.0897 0.0833
 471 0.0899 0.0837
 472 0.0902 0.0842
 473 0.0905 0.0847
 474 0.0908 0.0852
 475 0.0911 0.0857
 476 0.0913 0.0861
 477 0.0918 0.0868
 478 0.0922 0.0875
 479 0.0927 0.0881
 480 0.0932 0.0889
 481 0.0939 0.0900
 482 0.0947 0.0913
 483 0.0956 0.0926
 484 0.0967 0.0943
 485 0.0980 0.0963
 486 0.0995 0.0985
 487 0.1013 0.1011
 488 0.1033 0.1041
 489 0.1056 0.1076
 490 0.1082 0.1114
 491 0.1109 0.1155
 492 0.1140 0.1200
 493 0.1173 0.1249
 494 0.1209 0.1301
 495 0.1246 0.1357
 496 0.1287 0.1416
 497 0.1331 0.1479
 498 0.1376 0.1545
 499 0.1423 0.1612
 500 0.1471 0.1683
 501 0.1522 0.1755
 502 0.1574 0.1831
 503 0.1629 0.1908
 504 0.1685 0.1988
 505 0.1742 0.2070
 506 0.1802 0.2154
 507 0.1863 0.2239
 508 0.1924 0.2324
 509 0.1987 0.2410
 510 0.2050 0.2496
 511 0.2114 0.2582
 512 0.2179 0.2669
 513 0.2243 0.2754
 514 0.2306 0.2836
 515 0.2370 0.2917
 516 0.2429 0.2994
 517 0.2486 0.3065
 518 0.2539 0.3132
 519 0.2588 0.3192
 520 0.2632 0.3246
 521 0.2671 0.3293
 522 0.2705 0.3334
 523 0.2733 0.3366
 524 0.2753 0.3390
 525 0.2767 0.3406
 526 0.2775 0.3415
 527 0.2776 0.3415
 528 0.2771 0.3409
 529 0.2761 0.3397
 530 0.2747 0.3380
 531 0.2728 0.3358
 532 0.2706 0.3332
 533 0.2681 0.3303
 534 0.2654 0.3272
 535 0.2625 0.3238
 536 0.2595 0.3204
 537 0.2565 0.3169
 538 0.2534 0.3134
 539 0.2504 0.3099
 540 0.2473 0.3064
 541 0.2445 0.3032
 542 0.2417 0.3001
 543 0.2391 0.2971
 544 0.2367 0.2943
 545 0.2345 0.2918
 546 0.2324 0.2895
 547 0.2305 0.2875
 548 0.2288 0.2856
 549 0.2273 0.2840
 550 0.2258 0.2824
 551 0.2244 0.2809
 552 0.2230 0.2795
 553 0.2217 0.2783
 554 0.2205 0.2770
 555 0.2192 0.2759
 556 0.2178 0.2746
 557 0.2166 0.2735
 558 0.2152 0.2723
 559 0.2139 0.2711
 560 0.2126 0.2700
 561 0.2113 0.2689
 562 0.2098 0.2676
 563 0.2082 0.2661
 564 0.2064 0.2644
 565 0.2044 0.2625
 566 0.2024 0.2605
 567 0.2002 0.2583
 568 0.1978 0.2559
 569 0.1954 0.2534
 570 0.1929 0.2509
 571 0.1903 0.2481
 572 0.1878 0.2455
 573 0.1854 0.2429
 574 0.1829 0.2403
 575 0.1806 0.2378
 576 0.1784 0.2354
 577 0.1763 0.2331
 578 0.1744 0.2310
 579 0.1725 0.2289
 580 0.1707 0.2270
 581 0.1690 0.2251
 582 0.1675 0.2234
 583 0.1660 0.2217
 584 0.1645 0.2201
 585 0.1633 0.2187
 586 0.1620 0.2172
 587 0.1608 0.2159
 588 0.1597 0.2147
 589 0.1588 0.2136
 590 0.1578 0.2125
 591 0.1570 0.2116
 592 0.1562 0.2107
 593 0.1556 0.2100
 594 0.1549 0.2093
 595 0.1544 0.2088
 596 0.1539 0.2082
 597 0.1534 0.2076
 598 0.1528 0.2071
 599 0.1523 0.2065
 600 0.1518 0.2059
 601 0.1511 0.2051
 602 0.1504 0.2044
 603 0.1496 0.2034
 604 0.1487 0.2023
 605 0.1477 0.2011
 606 0.1466 0.1997
 607 0.1453 0.1982
 608 0.1440 0.1965
 609 0.1426 0.1947
 610 0.1412 0.1929
 611 0.1397 0.1910
 612 0.1382 0.1891
 613 0.1367 0.1871
 614 0.1352 0.1851
 615 0.1337 0.1831
 616 0.1323 0.1812
 617 0.1310 0.1794
 618 0.1297 0.1777
 619 0.1286 0.1761
 620 0.1276 0.1748
 621 0.1267 0.1735
 622 0.1259 0.1725
 623 0.1252 0.1717
 624 0.1247 0.1709
 625 0.1242 0.1703
 626 0.1238 0.1698
 627 0.1236 0.1695
 628 0.1234 0.1693
 629 0.1231 0.1691
 630 0.1229 0.1688
 631 0.1226 0.1685
 632 0.1223 0.1680
 633 0.1218 0.1674
 634 0.1211 0.1664
 635 0.1203 0.1651
 636 0.1193 0.1636
 637 0.1180 0.1617
 638 0.1165 0.1595
 639 0.1149 0.1569
 640 0.1131 0.1541
 641 0.1112 0.1511
 642 0.1093 0.1480
 643 0.1073 0.1447
 644 0.1053 0.1413
 645 0.1033 0.1380
 646 0.1014 0.1348
 647 0.0996 0.1317
 648 0.0980 0.1289
 649 0.0965 0.1263
 650 0.0952 0.1240
 651 0.0940 0.1219
 652 0.0930 0.1200
 653 0.0919 0.1181
 654 0.0909 0.1161
 655 0.0898 0.1141
 656 0.0886 0.1118
 657 0.0872 0.1091
 658 0.0857 0.1062
 659 0.0841 0.1029
 660 0.0823 0.0994
 661 0.0806 0.0958
 662 0.0788 0.0920
 663 0.0771 0.0883
 664 0.0754 0.0846
 665 0.0740 0.0812
 666 0.0727 0.0780
 667 0.0715 0.0751
 668 0.0706 0.0726
 669 0.0699 0.0704
 670 0.0694 0.0686
 671 0.0691 0.0671
 672 0.0690 0.0660
 673 0.0690 0.0651
 674 0.0692 0.0645
 675 0.0695 0.0641
 676 0.0699 0.0640
 677 0.0705 0.0641
 678 0.0713 0.0646
 679 0.0723 0.0655
 680 0.0735 0.0669
 681 0.0750 0.0690
 682 0.0769 0.0720
 683 0.0792 0.0760
 684 0.0820 0.0813
 685 0.0854 0.0878
 686 0.0896 0.0957
 687 0.0946 0.1052
 688 0.1004 0.1162
 689 0.1072 0.1285
 690 0.1150 0.1421
 691 0.1237 0.1567
 692 0.1332 0.1721
 693 0.1436 0.1880
 694 0.1545 0.2040
 695 0.1660 0.2201
 696 0.1779 0.2359
 697 0.1900 0.2515
 698 0.2021 0.2664
 699 0.2141 0.2807
 700 0.2260 0.2944
 701 0.2376 0.3074
 702 0.2488 0.3195
 703 0.2595 0.3309
 704 0.2698 0.3415
 705 0.2796 0.3514
 706 0.2889 0.3606
 707 0.2978 0.3693
 708 0.3063 0.3774
 709 0.3145 0.3851
 710 0.3224 0.3923
 711 0.3299 0.3992
 712 0.3372 0.4057
 713 0.3442 0.4119
 714 0.3510 0.4178
 715 0.3575 0.4234
 716 0.3639 0.4287
 717 0.3700 0.4338
 718 0.3758 0.4387
 719 0.3815 0.4433
 720 0.3869 0.4476
 721 0.3921 0.4518
 722 0.3971 0.4557
 723 0.4018 0.4594
 724 0.4063 0.4629
 725 0.4107 0.4662
 726 0.4148 0.4693
 727 0.4186 0.4723
 728 0.4223 0.4750
 729 0.4258 0.4775
 730 0.4290 0.4799
 731 0.4321 0.4821
 732 0.4349 0.4842
 733 0.4376 0.4862
 734 0.4402 0.4880
 735 0.4425 0.4897
 736 0.4447 0.4912
 737 0.4467 0.4927
 738 0.4485 0.4940
 739 0.4502 0.4953
 740 0.4518 0.4964
 741 0.4532 0.4975
 742 0.4545 0.4985
 743 0.4558 0.4994
 744 0.4568 0.5002
 745 0.4578 0.5010
 746 0.4587 0.5018
 747 0.4595 0.5024
 748 0.4602 0.5030
 749 0.4608 0.5036
 750 0.4613 0.5041
 751 0.4619 0.5046
 752 0.4623 0.5051
 753 0.4628 0.5056
 754 0.4632 0.5060
 755 0.4636 0.5065
 756 0.4640 0.5069
 757 0.4643 0.5073
 758 0.4647 0.5077
 759 0.4650 0.5081
 760 0.4652 0.5084
 761 0.4655 0.5087
 762 0.4657 0.5091
 763 0.4659 0.5094
 764 0.4660 0.5097
 765 0.4662 0.5099
 766 0.4663 0.5102
 767 0.4665 0.5104
 768 0.4665 0.5107
 769 0.4666 0.5109
 770 0.4667 0.5111
 771 0.4667 0.5113
 772 0.4667 0.5115
 773 0.4667 0.5116
 774 0.4667 0.5118
 775 0.4667 0.5119
 776 0.4666 0.5121
 777 0.4666 0.5122
 778 0.4666 0.5123
 779 0.4665 0.5124
 780 0.4664 0.5125
 781 0.4664 0.5126
 782 0.4663 0.5126
 783 0.4662 0.5127
 784 0.4662 0.5128
 785 0.4661 0.5128
 786 0.4660 0.5129
 787 0.4660 0.5130
 788 0.4659 0.5131
 789 0.4658 0.5132
 790 0.4658 0.5132
 791 0.4657 0.5133
 792 0.4657 0.5134
 793 0.4656 0.5134
 794 0.4656 0.5135
 795 0.4655 0.5136
 796 0.4654 0.5136
 797 0.4654 0.5137
 798 0.4653 0.5138
 799 0.4652 0.5139
 800 0.4652 0.5139
 801 0.4651 0.5140
 802 0.4651 0.5140
 803 0.4650 0.5141
 804 0.4650 0.5142
 805 0.4649 0.5142
 806 0.4649 0.5143
 807 0.4648 0.5144
 808 0.4647 0.5144
 809 0.4647 0.5145
 810 0.4646 0.5145
 811 0.4646 0.5146
 812 0.4645 0.5147
 813 0.4645 0.5147
 814 0.4644 0.5148
 815 0.4644 0.5148
 816 0.4643 0.5149
 817 0.4643 0.5149
 818 0.4642 0.5150
 819 0.4642 0.5150
 820 0.4641 0.5151
 821 0.4640 0.5151
 822 0.4640 0.5152
 823 0.4639 0.5152
 824 0.4639 0.5153
 825 0.4638 0.5154
 826 0.4637 0.5154
 827 0.4637 0.5154
 828 0.4636 0.5155
 829 0.4635 0.5155
 830 0.4635 0.5156
 831 0.4634 0.5156
 832 0.4633 0.5157
 833 0.4633 0.5157
 834 0.4633 0.5157
 835 0.4632 0.5157
 836 0.4631 0.5158
 837 0.4631 0.5158
 838 0.4630 0.5159
 839 0.4630 0.5159
 840 0.4629 0.5160
 841 0.4629 0.5160
 842 0.4628 0.5161
 843 0.4628 0.5161
 844 0.4627 0.5162
 845 0.4627 0.5162
 846 0.4626 0.5163
 847 0.4626 0.5163
 848 0.4625 0.5164
 849 0.4625 0.5164
 850 0.4624 0.5165
 851 0.4624 0.5165
 852 0.4623 0.5166
 853 0.4623 0.5166
 854 0.4622 0.5167
 855 0.4622 0.5167
 856 0.4622 0.5167
 857 0.4621 0.5168
 858 0.4621 0.5169
 859 0.4620 0.5169
 860 0.4619 0.5170
 861 0.4619 0.5170
 862 0.4618 0.5171
 863 0.4618 0.5171
 864 0.4617 0.5172
 865 0.4617 0.5172
 866 0.4617 0.5172
 867 0.4617 0.5172
 868 0.4616 0.5173
 869 0.4616 0.5173
 870 0.4615 0.5174
 871 0.4615 0.5174
 872 0.4614 0.5175
 873 0.4613 0.5175
 874 0.4613 0.5176
 875 0.4612 0.5176
 876 0.4612 0.5176
 877 0.4611 0.5177
 878 0.4611 0.5177
 879 0.4610 0.5178
 880 0.4610 0.5178
 881 0.4609 0.5179
 882 0.4608 0.5179
 883 0.4608 0.5180
 884 0.4607 0.5180
 885 0.4607 0.5181
 886 0.4606 0.5181
 887 0.4605 0.5182
 888 0.4605 0.5182
 889 0.4604 0.5183
 890 0.4604 0.5183
 891 0.4603 0.5184
 892 0.4603 0.5184
 893 0.4602 0.5185
 894 0.4602 0.5185
 895 0.4601 0.5186
 896 0.4601 0.5186
 897 0.4600 0.5187
 898 0.4599 0.5187
 899 0.4599 0.5188
 900 0.4598 0.5188
 901 0.4598 0.5189
 902 0.4597 0.5189
 903 0.4597 0.5189
 904 0.4596 0.5190
 905 0.4596 0.5190
 906 0.4595 0.5191
 907 0.4594 0.5191
 908 0.4594 0.5192
 909 0.4593 0.5192
 910 0.4593 0.5193
 911 0.4592 0.5193
 912 0.4592 0.5193
 913 0.4591 0.5194
 914 0.4590 0.5194
 915 0.4590 0.5195
 916 0.4589 0.5195
 917 0.4588 0.5195
 918 0.4588 0.5196
 919 0.4587 0.5196
 920 0.4586 0.5197
 921 0.4586 0.5197
 922 0.4584 0.5197
 923 0.4583 0.5197
 924 0.4583 0.5197
 925 0.4582 0.5198
 926 0.4581 0.5198
 927 0.4580 0.5198
 928 0.4579 0.5198
 929 0.4578 0.5198
 930 0.4577 0.5198
 931 0.4576 0.5198
 932 0.4575 0.5198
 933 0.4574 0.5198
 934 0.4573 0.5199
 935 0.4572 0.5199
 936 0.4570 0.5198
 937 0.4569 0.5198
 938 0.4568 0.5198
 939 0.4567 0.5198
 940 0.4566 0.5198
 941 0.4563 0.5197
 942 0.4561 0.5198
 943 0.4560 0.5197
 944 0.4559 0.5197
 945 0.4558 0.5197
 946 0.4556 0.5196
 947 0.4555 0.5195
 948 0.4555 0.5194
 949 0.4553 0.5193
 950 0.4549 0.5191
 951 0.4546 0.5190
 952 0.4544 0.5190
 953 0.4542 0.5189
 954 0.4540 0.5187
 955 0.4538 0.5186
 956 0.4536 0.5184
 957 0.4534 0.5183
 958 0.4532 0.5183
 959 0.4532 0.5182
 960 0.4530 0.5181
 961 0.4528 0.5180
 962 0.4526 0.5180
 963 0.4526 0.5181
 964 0.4525 0.5181
 965 0.4524 0.5181
 966 0.4524 0.5181
 967 0.4523 0.5181
 968 0.4523 0.5181
 969 0.4523 0.5181
 970 0.4523 0.5181
 971 0.4522 0.5180
 972 0.4522 0.5181
 973 0.4521 0.5182
 974 0.4520 0.5182
 975 0.4519 0.5183
 976 0.4519 0.5183
 977 0.4519 0.5183
 978 0.4518 0.5184
 979 0.4518 0.5185
 980 0.4518 0.5186
 981 0.4517 0.5187
 982 0.4517 0.5188
 983 0.4516 0.5188
 984 0.4516 0.5189
 985 0.4517 0.5189
 986 0.4517 0.5190
 987 0.4518 0.5190
 988 0.4518 0.5190
 989 0.4519 0.5190
 990 0.4519 0.5191
 991 0.4519 0.5192
 992 0.4519 0.5192
 993 0.4519 0.5194
 994 0.4518 0.5195
 995 0.4518 0.5196
 996 0.4518 0.5197
 997 0.4518 0.5199
 998 0.4518 0.5200
 999 0.4518 0.5201
1000 0.4518 0.5202
1001 0.4518 0.5203
1002 0.4518 0.5204
1003 0.4518 0.5205
1004 0.4518 0.5206
1005 0.4518 0.5207
1006 0.4519 0.5208
1007 0.4519 0.5209
1008 0.4519 0.5209
1009 0.4520 0.5210
1010 0.4520 0.5211
1011 0.4520 0.5213
1012 0.4520 0.5214
1013 0.4520 0.5215
1014 0.4520 0.5216
1015 0.4521 0.5216
1016 0.4521 0.5217
1017 0.4521 0.5218
1018 0.4521 0.5220
1019 0.4521 0.5221
1020 0.4521 0.5222
1021 0.4521 0.5224
1022 0.4521 0.5225
1023 0.4521 0.5226
1024 0.4521 0.5227
1025 0.4521 0.5228
1026 0.4522 0.5229
1027 0.4522 0.5230
1028 0.4522 0.5231
1029 0.4522 0.5232
1030 0.4523 0.5233
1031 0.4523 0.5233
1032 0.4523 0.5234
1033 0.4523 0.5234
1034 0.4524 0.5235
1035 0.4524 0.5235
1036 0.4525 0.5236
1037 0.4525 0.5236
1038 0.4525 0.5237
1039 0.4525 0.5238
1040 0.4525 0.5239
1041 0.4525 0.5240
1042 0.4525 0.5241
1043 0.4524 0.5242
1044 0.4524 0.5243
1045 0.4524 0.5244
1046 0.4524 0.5244
1047 0.4524 0.5245
1048 0.4524 0.5246
1049 0.4524 0.5246
1050 0.4524 0.5247
1051 0.4524 0.5247
1052 0.4524 0.5248
1053 0.4523 0.5249
1054 0.4523 0.5250
1055 0.4523 0.5250
1056 0.4523 0.5250
1057 0.4523 0.5251
1058 0.4523 0.5251
1059 0.4523 0.5252
1060 0.4523 0.5252
1061 0.4522 0.5253
1062 0.4522 0.5254
1063 0.4521 0.5254
1064 0.4521 0.5255
1065 0.4521 0.5255
1066 0.4522 0.5254
1067 0.4521 0.5255
1068 0.4521 0.5255
1069 0.4521 0.5255
1070 0.4520 0.5256
1071 0.4520 0.5257
1072 0.4520 0.5257
1073 0.4519 0.5257
1074 0.4519 0.5258
1075 0.4518 0.5258
1076 0.4517 0.5259
1077 0.4517 0.5259
1078 0.4516 0.5260
1079 0.4516 0.5261
1080 0.4515 0.5261
1081 0.4515 0.5261
1082 0.4514 0.5261
1083 0.4514 0.5261
1084 0.4514 0.5261
1085 0.4513 0.5261
1086 0.4513 0.5262
1087 0.4512 0.5262
1088 0.4511 0.5263
1089 0.4510 0.5263
1090 0.4509 0.5264
1091 0.4509 0.5264
1092 0.4508 0.5264
1093 0.4508 0.5264
1094 0.4507 0.5264
1095 0.4507 0.5264
1096 0.4506 0.5264
1097 0.4504 0.5265
1098 0.4503 0.5265
1099 0.4503 0.5265
1100 0.4502 0.5265
1101 0.4502 0.5266
1102 0.4501 0.5266
1103 0.4500 0.5266
1104 0.4499 0.5266
1105 0.4499 0.5266
1106 0.4498 0.5266
1107 0.4497 0.5267
1108 0.4496 0.5267
1109 0.4496 0.5266
1110 0.4496 0.5266
1111 0.4496 0.5265
1112 0.4495 0.5265
1113 0.4495 0.5264
1114 0.4494 0.5265
1115 0.4494 0.5265
1116 0.4494 0.5265
1117 0.4493 0.5265
1118 0.4491 0.5266
1119 0.4490 0.5266
1120 0.4490 0.5266
1121 0.4489 0.5266
1122 0.4487 0.5266
1123 0.4486 0.5266
1124 0.4485 0.5266
1125 0.4484 0.5266
1126 0.4483 0.5265
1127 0.4481 0.5264
1128 0.4480 0.5263
1129 0.4478 0.5263
1130 0.4477 0.5262
1131 0.4475 0.5261
1132 0.4472 0.5259
1133 0.4469 0.5257
1134 0.4466 0.5255
1135 0.4464 0.5253
1136 0.4461 0.5251
1137 0.4459 0.5249
1138 0.4456 0.5246
1139 0.4452 0.5243
1140 0.4447 0.5239
1141 0.4442 0.5235
1142 0.4438 0.5232
1143 0.4435 0.5229
1144 0.4431 0.5226
1145 0.4425 0.5221
1146 0.4418 0.5217
1147 0.4414 0.5214
1148 0.4411 0.5212
1149 0.4408 0.5211
1150 0.4405 0.5208
1151 0.4401 0.5206
1152 0.4398 0.5203
1153 0.4394 0.5200
1154 0.4391 0.5198
1155 0.4388 0.5197
1156 0.4387 0.5197
1157 0.4386 0.5196
1158 0.4384 0.5195
1159 0.4384 0.5194
1160 0.4382 0.5194
1161 0.4381 0.5193
1162 0.4380 0.5192
1163 0.4380 0.5192
1164 0.4379 0.5192
1165 0.4379 0.5192
1166 0.4378 0.5193
1167 0.4377 0.5193
1168 0.4376 0.5193
1169 0.4376 0.5193
1170 0.4376 0.5193
1171 0.4375 0.5194
1172 0.4373 0.5193
1173 0.4371 0.5193
1174 0.4371 0.5194
1175 0.4371 0.5194
1176 0.4371 0.5194
1177 0.4371 0.5194
1178 0.4371 0.5194
1179 0.4370 0.5194
1180 0.4370 0.5194
1181 0.4369 0.5195
1182 0.4368 0.5195
1183 0.4367 0.5195
1184 0.4366 0.5195
1185 0.4366 0.5195
1186 0.4367 0.5194
1187 0.4367 0.5192
1188 0.4368 0.5192
1189 0.4367 0.5191
1190 0.4366 0.5192
1191 0.4365 0.5193
1192 0.4364 0.5194
1193 0.4362 0.5196
1194 0.4361 0.5197
1195 0.4360 0.5197
1196 0.4359 0.5197
1197 0.4360 0.5197
1198 0.4360 0.5197
1199 0.4360 0.5197
1200 0.4360 0.5198
1201 0.4360 0.5199
1202 0.4359 0.5201
1203 0.4358 0.5201
1204 0.4357 0.5201
1205 0.4357 0.5202
1206 0.4357 0.5203
1207 0.4358 0.5203
1208 0.4357 0.5204
1209 0.4357 0.5204
1210 0.4356 0.5205
1211 0.4357 0.5205
1212 0.4357 0.5206
1213 0.4357 0.5207
1214 0.4356 0.5207
1215 0.4355 0.5208
1216 0.4355 0.5208
1217 0.4355 0.5210
1218 0.4355 0.5211
1219 0.4356 0.5212
1220 0.4355 0.5213
1221 0.4354 0.5214
1222 0.4353 0.5215
1223 0.4353 0.5215
1224 0.4353 0.5216
1225 0.4352 0.5217
1226 0.4352 0.5217
1227 0.4352 0.5217
1228 0.4351 0.5217
1229 0.4351 0.5218
1230 0.4351 0.5219
1231 0.4351 0.5219
1232 0.4350 0.5220
1233 0.4350 0.5221
1234 0.4350 0.5221
1235 0.4350 0.5222
1236 0.4349 0.5223
1237 0.4349 0.5224
1238 0.4348 0.5225
1239 0.4347 0.5226
1240 0.4346 0.5226
1241 0.4345 0.5227
1242 0.4345 0.5228
1243 0.4345 0.5229
1244 0.4345 0.5229
1245 0.4345 0.5229
1246 0.4345 0.5230
1247 0.4344 0.5231
1248 0.4343 0.5232
1249 0.4343 0.5232
1250 0.4343 0.5232
1251 0.4343 0.5233
1252 0.4344 0.5233
1253 0.4343 0.5234
1254 0.4343 0.5234
1255 0.4342 0.5235
1256 0.4341 0.5235
1257 0.4340 0.5235
1258 0.4340 0.5236
1259 0.4339 0.5236
1260 0.4339 0.5236
1261 0.4339 0.5236
1262 0.4339 0.5237
1263 0.4338 0.5238
1264 0.4338 0.5238
1265 0.4337 0.5239
1266 0.4336 0.5240
1267 0.4336 0.5240
1268 0.4335 0.5239
1269 0.4336 0.5239
1270 0.4335 0.5239
1271 0.4334 0.5239
1272 0.4333 0.5239
1273 0.4332 0.5239
1274 0.4330 0.5239
1275 0.4329 0.5239
1276 0.4328 0.5240
1277 0.4327 0.5239
1278 0.4327 0.5239
1279 0.4326 0.5239
1280 0.4325 0.5239
1281 0.4324 0.5238
1282 0.4322 0.5238
1283 0.4320 0.5238
1284 0.4318 0.5238
1285 0.4317 0.5237
1286 0.4316 0.5237
1287 0.4315 0.5237
1288 0.4314 0.5237
1289 0.4314 0.5236
1290 0.4313 0.5235
1291 0.4312 0.5234
1292 0.4311 0.5233
1293 0.4309 0.5232
1294 0.4308 0.5232
1295 0.4306 0.5231
1296 0.4303 0.5231
1297 0.4301 0.5230
1298 0.4299 0.5230
1299 0.4297 0.5229
1300 0.4296 0.5228
1301 0.4294 0.5227
1302 0.4292 0.5227
1303 0.4290 0.5226
1304 0.4287 0.5225
1305 0.4285 0.5224
1306 0.4283 0.5222
1307 0.4281 0.5220
1308 0.4279 0.5217
1309 0.4278 0.5215
1310 0.4276 0.5213
1311 0.4275 0.5210
1312 0.4273 0.5208
1313 0.4269 0.5206
1314 0.4266 0.5203
1315 0.4263 0.5201
1316 0.4259 0.5200
1317 0.4257 0.5197
1318 0.4253 0.5195
1319 0.4250 0.5192
1320 0.4246 0.5189
1321 0.4242 0.5186
1322 0.4238 0.5182
1323 0.4235 0.5179
1324 0.4232 0.5176
1325 0.4230 0.5173
1326 0.4227 0.5170
1327 0.4222 0.5165
1328 0.4216 0.5161
1329 0.4211 0.5157
1330 0.4208 0.5153
1331 0.4206 0.5150
1332 0.4202 0.5146
1333 0.4198 0.5142
1334 0.4191 0.5138
1335 0.4185 0.5133
1336 0.4179 0.5128
1337 0.4174 0.5124
1338 0.4169 0.5120
1339 0.4166 0.5116
1340 0.4164 0.5112
1341 0.4161 0.5108
1342 0.4157 0.5104
1343 0.4152 0.5100
1344 0.4145 0.5096
1345 0.4137 0.5091
1346 0.4129 0.5086
1347 0.4121 0.5082
1348 0.4115 0.5078
1349 0.4112 0.5074
1350 0.4106 0.5070
1351 0.4102 0.5066
1352 0.4096 0.5062
1353 0.4091 0.5058
1354 0.4086 0.5054
1355 0.4083 0.5050
1356 0.4079 0.5043
1357 0.4077 0.5037
1358 0.4073 0.5031
1359 0.4071 0.5026
1360 0.4069 0.5023
1361 0.4065 0.5020
1362 0.4059 0.5017
1363 0.4051 0.5015
1364 0.4044 0.5012
1365 0.4038 0.5009
1366 0.4030 0.5003
1367 0.4027 0.4997
1368 0.4020 0.4988
1369 0.4014 0.4979
1370 0.4007 0.4969
1371 0.3997 0.4958
1372 0.3985 0.4945
1373 0.3977 0.4933
1374 0.3963 0.4919
1375 0.3946 0.4903
1376 0.3933 0.4887
1377 0.3917 0.4868
1378 0.3901 0.4847
1379 0.3881 0.4825
1380 0.3868 0.4803
1381 0.3843 0.4779
1382 0.3817 0.4754
1383 0.3786 0.4728
1384 0.3762 0.4702
1385 0.3726 0.4672
1386 0.3690 0.4641
1387 0.3654 0.4607
1388 0.3613 0.4571
1389 0.3586 0.4535
1390 0.3544 0.4496
1391 0.3506 0.4456
1392 0.3466 0.4415
1393 0.3429 0.4373
1394 0.3384 0.4329
1395 0.3357 0.4288
1396 0.3319 0.4245
1397 0.3274 0.4203
1398 0.3235 0.4162
1399 0.3196 0.4122
1400 0.3159 0.4083
1401 0.3123 0.4045
1402 0.3082 0.4006
1403 0.3049 0.3969
1404 0.3020 0.3933
1405 0.2998 0.3898
1406 0.2968 0.3864
1407 0.2940 0.3832
1408 0.2913 0.3802
1409 0.2884 0.3774
1410 0.2858 0.3747
1411 0.2836 0.3722
1412 0.2814 0.3697
1413 0.2795 0.3674
1414 0.2775 0.3652
1415 0.2756 0.3632
1416 0.2739 0.3614
1417 0.2722 0.3597
1418 0.2705 0.3582
1419 0.2691 0.3566
1420 0.2678 0.3553
1421 0.2664 0.3541
1422 0.2651 0.3530
1423 0.2638 0.3520
1424 0.2626 0.3510
1425 0.2612 0.3502
1426 0.2601 0.3495
1427 0.2591 0.3488
1428 0.2582 0.3483
1429 0.2574 0.3478
1430 0.2564 0.3473
1431 0.2557 0.3468
1432 0.2549 0.3465
1433 0.2543 0.3462
1434 0.2534 0.3461
1435 0.2528 0.3460
1436 0.2522 0.3458
1437 0.2516 0.3458
1438 0.2510 0.3457
1439 0.2506 0.3456
1440 0.2502 0.3456
1441 0.2498 0.3456
1442 0.2495 0.3457
1443 0.2492 0.3460
1444 0.2489 0.3463
1445 0.2487 0.3467
1446 0.2484 0.3470
1447 0.2482 0.3472
1448 0.2482 0.3474
1449 0.2481 0.3476
1450 0.2481 0.3478
1451 0.2482 0.3479
1452 0.2482 0.3481
1453 0.2482 0.3485
1454 0.2482 0.3490
1455 0.2483 0.3495
1456 0.2484 0.3500
1457 0.2485 0.3506
1458 0.2488 0.3511
1459 0.2490 0.3517
1460 0.2491 0.3523
1461 0.2497 0.3528
1462 0.2501 0.3534
1463 0.2506 0.3541
1464 0.2514 0.3550
1465 0.2520 0.3560
1466 0.2526 0.3570
1467 0.2537 0.3580
1468 0.2544 0.3591
1469 0.2552 0.3602
1470 0.2563 0.3614
1471 0.2571 0.3627
1472 0.2579 0.3640
1473 0.2592 0.3653
1474 0.2600 0.3665
1475 0.2614 0.3679
1476 0.2624 0.3692
1477 0.2635 0.3704
1478 0.2647 0.3717
1479 0.2657 0.3730
1480 0.2671 0.3744
1481 0.2680 0.3758
1482 0.2691 0.3773
1483 0.2700 0.3789
1484 0.2712 0.3803
1485 0.2722 0.3816
1486 0.2731 0.3829
1487 0.2745 0.3842
1488 0.2756 0.3855
1489 0.2772 0.3867
1490 0.2782 0.3880
1491 0.2796 0.3894
1492 0.2807 0.3908
1493 0.2819 0.3924
1494 0.2829 0.3939
1495 0.2844 0.3954
1496 0.2855 0.3969
1497 0.2868 0.3983
1498 0.2881 0.3998
1499 0.2892 0.4011
1500 0.2907 0.4023
1501 0.2916 0.4035
1502 0.2930 0.4047
1503 0.2942 0.4061
1504 0.2955 0.4075
1505 0.2969 0.4087
1506 0.2978 0.4099
1507 0.2992 0.4111
1508 0.3000 0.4123
1509 0.3014 0.4135
1510 0.3027 0.4148
1511 0.3038 0.4159
1512 0.3051 0.4172
1513 0.3059 0.4184
1514 0.3072 0.4196
1515 0.3085 0.4208
1516 0.3094 0.4219
1517 0.3108 0.4229
1518 0.3121 0.4239
1519 0.3130 0.4249
1520 0.3141 0.4260
1521 0.3154 0.4271
1522 0.3161 0.4282
1523 0.3174 0.4293
1524 0.3186 0.4304
1525 0.3194 0.4315
1526 0.3205 0.4326
1527 0.3215 0.4337
1528 0.3222 0.4347
1529 0.3232 0.4357
1530 0.3242 0.4366
1531 0.3254 0.4375
1532 0.3261 0.4384
1533 0.3272 0.4393
1534 0.3282 0.4402
1535 0.3293 0.4410
1536 0.3300 0.4417
1537 0.3310 0.4426
1538 0.3318 0.4436
1539 0.3329 0.4445
1540 0.3336 0.4454
1541 0.3343 0.4463
1542 0.3352 0.4472
1543 0.3360 0.4482
1544 0.3370 0.4491
1545 0.3376 0.4499
1546 0.3383 0.4507
1547 0.3392 0.4515
1548 0.3400 0.4522
1549 0.3408 0.4530
1550 0.3415 0.4538
1551 0.3421 0.4545
1552 0.3427 0.4551
1553 0.3436 0.4558
1554 0.3442 0.4565
1555 0.3449 0.4572
1556 0.3456 0.4578
1557 0.3463 0.4585
1558 0.3466 0.4591
1559 0.3471 0.4597
1560 0.3477 0.4604
1561 0.3483 0.4610
1562 0.3488 0.4615
1563 0.3495 0.4621
1564 0.3499 0.4627
1565 0.3506 0.4633
1566 0.3509 0.4639
1567 0.3515 0.4645
1568 0.3519 0.4651
1569 0.3524 0.4657
1570 0.3529 0.4662
1571 0.3534 0.4668
1572 0.3539 0.4674
1573 0.3544 0.4679
1574 0.3549 0.4685
1575 0.3552 0.4690
1576 0.3558 0.4696
1577 0.3562 0.4701
1578 0.3566 0.4706
1579 0.3572 0.4710
1580 0.3576 0.4714
1581 0.3581 0.4717
1582 0.3587 0.4721
1583 0.3592 0.4727
1584 0.3594 0.4733
1585 0.3598 0.4738
1586 0.3603 0.4743
1587 0.3606 0.4748
1588 0.3609 0.4752
1589 0.3614 0.4756
1590 0.3618 0.4759
1591 0.3623 0.4763
1592 0.3628 0.4767
1593 0.3633 0.4771
1594 0.3638 0.4777
1595 0.3641 0.4781
1596 0.3643 0.4786
1597 0.3647 0.4790
1598 0.3650 0.4793
1599 0.3654 0.4797
1600 0.3658 0.4800
1601 0.3661 0.4804
1602 0.3663 0.4808
1603 0.3668 0.4811
1604 0.3671 0.4814
1605 0.3675 0.4818
1606 0.3677 0.4822
1607 0.3679 0.4825
1608 0.3680 0.4828
1609 0.3683 0.4831
1610 0.3685 0.4834
1611 0.3687 0.4838
1612 0.3688 0.4842
1613 0.3691 0.4846
1614 0.3693 0.4849
1615 0.3695 0.4852
1616 0.3697 0.4855
1617 0.3699 0.4857
1618 0.3701 0.4859
1619 0.3704 0.4861
1620 0.3705 0.4863
1621 0.3708 0.4867
1622 0.3710 0.4870
1623 0.3712 0.4873
1624 0.3714 0.4877
1625 0.3716 0.4880
1626 0.3717 0.4882
1627 0.3720 0.4884
1628 0.3721 0.4886
1629 0.3723 0.4888
1630 0.3725 0.4889
1631 0.3726 0.4892
1632 0.3724 0.4895
1633 0.3726 0.4898
1634 0.3727 0.4901
1635 0.3729 0.4903
1636 0.3728 0.4906
1637 0.3731 0.4907
1638 0.3731 0.4909
1639 0.3732 0.4912
1640 0.3731 0.4913
1641 0.3734 0.4915
1642 0.3734 0.4917
1643 0.3737 0.4919
1644 0.3738 0.4920
1645 0.3741 0.4921
1646 0.3742 0.4921
1647 0.3745 0.4922
1648 0.3745 0.4922
1649 0.3748 0.4924
1650 0.3747 0.4925
1651 0.3748 0.4926
1652 0.3747 0.4927
1653 0.3749 0.4928
1654 0.3746 0.4929
1655 0.3747 0.4930
1656 0.3745 0.4931
1657 0.3746 0.4932
1658 0.3743 0.4933
1659 0.3742 0.4933
1660 0.3740 0.4934
1661 0.3740 0.4935
1662 0.3738 0.4934
1663 0.3737 0.4935
1664 0.3735 0.4935
1665 0.3735 0.4936
1666 0.3733 0.4936
1667 0.3733 0.4935
1668 0.3732 0.4934
1669 0.3731 0.4935
1670 0.3732 0.4935
1671 0.3736 0.4937
1672 0.3733 0.4938
1673 0.3732 0.4939
1674 0.3729 0.4940
1675 0.3727 0.4941
1676 0.3723 0.4942
1677 0.3723 0.4941
1678 0.3721 0.4940
1679 0.3720 0.4940
1680 0.3717 0.4940
1681 0.3717 0.4940
1682 0.3713 0.4939
1683 0.3712 0.4938
1684 0.3710 0.4937
1685 0.3710 0.4935
1686 0.3707 0.4934
1687 0.3706 0.4932
1688 0.3703 0.4931
1689 0.3702 0.4931
1690 0.3699 0.4930
1691 0.3699 0.4929
1692 0.3697 0.4928
1693 0.3696 0.4927
1694 0.3694 0.4925
1695 0.3692 0.4923
1696 0.3690 0.4921
1697 0.3689 0.4919
1698 0.3687 0.4918
1699 0.3684 0.4916
1700 0.3680 0.4916
1701 0.3677 0.4914
1702 0.3674 0.4913
1703 0.3672 0.4912
1704 0.3669 0.4911
1705 0.3668 0.4909
1706 0.3664 0.4908
1707 0.3663 0.4906
1708 0.3659 0.4904
1709 0.3659 0.4901
1710 0.3656 0.4898
1711 0.3653 0.4897
1712 0.3650 0.4895
1713 0.3649 0.4893
1714 0.3646 0.4892
1715 0.3644 0.4891
1716 0.3641 0.4890
1717 0.3640 0.4888
1718 0.3636 0.4885
1719 0.3635 0.4883
1720 0.3630 0.4881
1721 0.3628 0.4880
1722 0.3625 0.4879
1723 0.3623 0.4877
1724 0.3621 0.4875
1725 0.3619 0.4872
1726 0.3617 0.4868
1727 0.3618 0.4866
1728 0.3615 0.4863
1729 0.3614 0.4861
1730 0.3612 0.4858
1731 0.3611 0.4858
1732 0.3609 0.4857
1733 0.3608 0.4855
1734 0.3605 0.4853
1735 0.3604 0.4851
1736 0.3604 0.4849
1737 0.3601 0.4847
1738 0.3598 0.4845
1739 0.3597 0.4843
1740 0.3593 0.4842
1741 0.3591 0.4840
1742 0.3589 0.4837
1743 0.3588 0.4833
1744 0.3585 0.4829
1745 0.3582 0.4825
1746 0.3579 0.4821
1747 0.3577 0.4816
1748 0.3575 0.4811
1749 0.3572 0.4807
1750 0.3569 0.4803
1751 0.3565 0.4798
1752 0.3561 0.4794
1753 0.3558 0.4789
1754 0.3557 0.4783
1755 0.3555 0.4777
1756 0.3550 0.4772
1757 0.3546 0.4767
1758 0.3543 0.4764
1759 0.3539 0.4762
1760 0.3534 0.4759
1761 0.3530 0.4755
1762 0.3528 0.4751
1763 0.3527 0.4746
1764 0.3525 0.4739
1765 0.3523 0.4733
1766 0.3523 0.4728
1767 0.3521 0.4725
1768 0.3517 0.4724
1769 0.3512 0.4726
1770 0.3507 0.4728
1771 0.3503 0.4733
1772 0.3501 0.4735
1773 0.3496 0.4735
1774 0.3495 0.4734
1775 0.3494 0.4731
1776 0.3495 0.4726
1777 0.3498 0.4720
1778 0.3500 0.4714
1779 0.3501 0.4708
1780 0.3501 0.4705
1781 0.3499 0.4705
1782 0.3495 0.4709
1783 0.3490 0.4713
1784 0.3485 0.4718
1785 0.3479 0.4722
1786 0.3476 0.4724
1787 0.3473 0.4723
1788 0.3475 0.4719
1789 0.3477 0.4714
1790 0.3478 0.4709
1791 0.3481 0.4705
1792 0.3482 0.4703
1793 0.3481 0.4702
1794 0.3480 0.4703
1795 0.3480 0.4705
1796 0.3479 0.4706
1797 0.3478 0.4708
1798 0.3480 0.4710
1799 0.3481 0.4710
1800 0.3481 0.4709
1801 0.3483 0.4710
1802 0.3485 0.4710
1803 0.3487 0.4709
1804 0.3489 0.4708
1805 0.3491 0.4706
1806 0.3492 0.4705
1807 0.3493 0.4705
1808 0.3492 0.4706
1809 0.3490 0.4707
1810 0.3489 0.4709
1811 0.3487 0.4710
1812 0.3486 0.4711
1813 0.3487 0.4710
1814 0.3488 0.4708
1815 0.3490 0.4706
1816 0.3490 0.4702
1817 0.3492 0.4699
1818 0.3493 0.4696
1819 0.3494 0.4694
1820 0.3494 0.4694
1821 0.3493 0.4695
1822 0.3491 0.4697
1823 0.3490 0.4699
1824 0.3488 0.4699
1825 0.3489 0.4701
1826 0.3488 0.4701
1827 0.3486 0.4701
1828 0.3483 0.4700
1829 0.3482 0.4699
1830 0.3480 0.4697
1831 0.3479 0.4696
1832 0.3473 0.4695
1833 0.3470 0.4693
1834 0.3468 0.4690
1835 0.3464 0.4686
1836 0.3463 0.4682
1837 0.3461 0.4677
1838 0.3457 0.4672
1839 0.3453 0.4667
1840 0.3448 0.4663
1841 0.3440 0.4660
1842 0.3433 0.4657
1843 0.3424 0.4654
1844 0.3416 0.4650
1845 0.3407 0.4644
1846 0.3400 0.4635
1847 0.3394 0.4627
1848 0.3384 0.4617
1849 0.3374 0.4606
1850 0.3363 0.4594
1851 0.3355 0.4582
1852 0.3336 0.4566
1853 0.3326 0.4550
1854 0.3314 0.4532
1855 0.3303 0.4511
1856 0.3292 0.4487
1857 0.3277 0.4463
1858 0.3258 0.4437
1859 0.3242 0.4413
1860 0.3219 0.4388
1861 0.3200 0.4362
1862 0.3159 0.4331
1863 0.3133 0.4298
1864 0.3104 0.4262
1865 0.3079 0.4224
1866 0.3045 0.4183
1867 0.3017 0.4139
1868 0.2980 0.4091
1869 0.2951 0.4045
1870 0.2886 0.3994
1871 0.2844 0.3940
1872 0.2800 0.3885
1873 0.2750 0.3826
1874 0.2703 0.3765
1875 0.2646 0.3700
1876 0.2598 0.3632
1877 0.2503 0.3561
1878 0.2440 0.3489
1879 0.2380 0.3414
1880 0.2318 0.3336
1881 0.2246 0.3255
1882 0.2186 0.3173
1883 0.2077 0.3085
1884 0.2006 0.2998
1885 0.1939 0.2913
1886 0.1873 0.2828
1887 0.1803 0.2739
1888 0.1710 0.2649
1889 0.1643 0.2562
1890 0.1584 0.2478
1891 0.1527 0.2396
1892 0.1470 0.2314
1893 0.1395 0.2231
1894 0.1345 0.2154
1895 0.1302 0.2081
1896 0.1263 0.2012
1897 0.1230 0.1946
1898 0.1174 0.1877
1899 0.1146 0.1822
1900 0.1118 0.1771
1901 0.1089 0.1724
1902 0.1053 0.1678
1903 0.1030 0.1641
1904 0.1010 0.1608
1905 0.0993 0.1580
1906 0.0968 0.1548
1907 0.0953 0.1524
1908 0.0939 0.1501
1909 0.0927 0.1481
1910 0.0911 0.1459
1911 0.0901 0.1442
1912 0.0891 0.1426
1913 0.0883 0.1411
1914 0.0872 0.1394
1915 0.0867 0.1383
1916 0.0861 0.1371
1917 0.0855 0.1362
1918 0.0847 0.1353
1919 0.0842 0.1348
1920 0.0837 0.1344
1921 0.0832 0.1340
1922 0.0828 0.1338
1923 0.0824 0.1337
1924 0.0821 0.1334
1925 0.0819 0.1336
1926 0.0816 0.1336
1927 0.0815 0.1338
1928 0.0814 0.1340
1929 0.0814 0.1344
1930 0.0814 0.1347
1931 0.0815 0.1353
1932 0.0815 0.1358
1933 0.0816 0.1363
1934 0.0819 0.1371
1935 0.0820 0.1378
1936 0.0823 0.1386
1937 0.0827 0.1397
1938 0.0830 0.1405
1939 0.0833 0.1414
1940 0.0838 0.1426
1941 0.0842 0.1436
1942 0.0846 0.1447
1943 0.0853 0.1462
1944 0.0858 0.1474
1945 0.0863 0.1486
1946 0.0870 0.1501
1947 0.0876 0.1515
1948 0.0881 0.1525
1949 0.0889 0.1543
1950 0.0895 0.1556
1951 0.0905 0.1575
1952 0.0910 0.1589
1953 0.0917 0.1603
1954 0.0927 0.1622
1955 0.0934 0.1638
1956 0.0941 0.1651
1957 0.0951 0.1672
1958 0.0959 0.1687
1959 0.0969 0.1706
1960 0.0977 0.1723
1961 0.0984 0.1737
1962 0.0997 0.1760
1963 0.1004 0.1775
1964 0.1016 0.1797
1965 0.1024 0.1813
1966 0.1032 0.1829
1967 0.1044 0.1851
1968 0.1053 0.1868
1969 0.1065 0.1890
1970 0.1073 0.1905
1971 0.1088 0.1931
1972 0.1096 0.1946
1973 0.1103 0.1960
1974 0.1118 0.1986
1975 0.1127 0.2003
1976 0.1140 0.2025
1977 0.1149 0.2041
1978 0.1163 0.2066
1979 0.1172 0.2082
1980 0.1186 0.2105
1981 0.1196 0.2122
1982 0.1204 0.2138
1983 0.1220 0.2163
1984 0.1229 0.2179
1985 0.1243 0.2203
1986 0.1253 0.2220
1987 0.1267 0.2242
1988 0.1276 0.2257
1989 0.1290 0.2280
1990 0.1300 0.2298
1991 0.1313 0.2319
1992 0.1323 0.2335
1993 0.1337 0.2356
1994 0.1347 0.2373
1995 0.1361 0.2394
1996 0.1370 0.2409
1997 0.1384 0.2431
1998 0.1393 0.2446
1999 0.1408 0.2468
2000 0.1418 0.2483
2001 0.1427 0.2497
2002 0.1441 0.2518
2003 0.1456 0.2540
2004 0.1465 0.2553
2005 0.1479 0.2575
2006 0.1488 0.2589
2007 0.1501 0.2609
2008 0.1510 0.2623
2009 0.1524 0.2643
2010 0.1532 0.2655
2011 0.1545 0.2675
2012 0.1554 0.2688
2013 0.1568 0.2708
2014 0.1576 0.2721
2015 0.1589 0.2740
2016 0.1598 0.2753
2017 0.1611 0.2772
2018 0.1618 0.2782
2019 0.1630 0.2800
2020 0.1638 0.2813
2021 0.1650 0.2830
2022 0.1662 0.2848
2023 0.1669 0.2858
2024 0.1681 0.2876
2025 0.1688 0.2887
2026 0.1700 0.2904
2027 0.1706 0.2914
2028 0.1718 0.2931
2029 0.1729 0.2947
2030 0.1736 0.2958
2031 0.1745 0.2971
2032 0.1753 0.2983
2033 0.1763 0.2998
2034 0.1769 0.3007
2035 0.1780 0.3023
2036 0.1790 0.3038
2037 0.1796 0.3047
2038 0.1807 0.3062
2039 0.1812 0.3071
2040 0.1822 0.3085
2041 0.1832 0.3099
2042 0.1837 0.3108
2043 0.1847 0.3122
2044 0.1852 0.3130
2045 0.1861 0.3143
2046 0.1871 0.3157
2047 0.1876 0.3165
2048 0.1885 0.3179
2049 0.1891 0.3187
2050 0.1900 0.3200
2051 0.1908 0.3213
2052 0.1914 0.3221
2053 0.1922 0.3234
2054 0.1931 0.3247
2055 0.1936 0.3255
2056 0.1945 0.3268
2057 0.1951 0.3276
2058 0.1960 0.3290
2059 0.1969 0.3303
2060 0.1975 0.3312
2061 0.1984 0.3325
2062 0.1993 0.3338
2063 0.1999 0.3348
2064 0.2008 0.3360
2065 0.2017 0.3374
2066 0.2022 0.3382
2067 0.2031 0.3395
2068 0.2040 0.3408
2069 0.2046 0.3417
2070 0.2054 0.3429
2071 0.2064 0.3442
2072 0.2068 0.3449
2073 0.2077 0.3462
2074 0.2085 0.3475
2075 0.2091 0.3483
2076 0.2098 0.3494
2077 0.2107 0.3507
2078 0.2112 0.3515
2079 0.2120 0.3527
2080 0.2127 0.3537
2081 0.2132 0.3545
2082 0.2141 0.3557
2083 0.2148 0.3569
2084 0.2153 0.3575
2085 0.2160 0.3586
2086 0.2168 0.3598
2087 0.2175 0.3608
2088 0.2180 0.3616
2089 0.2187 0.3627
2090 0.2194 0.3637
2091 0.2199 0.3645
2092 0.2205 0.3654
2093 0.2213 0.3666
2094 0.2219 0.3675
2095 0.2224 0.3682
2096 0.2230 0.3691
2097 0.2237 0.3702
2098 0.2242 0.3709
2099 0.2249 0.3719
2100 0.2255 0.3728
2101 0.2262 0.3738
2102 0.2266 0.3745
2103 0.2273 0.3756
2104 0.2279 0.3765
2105 0.2286 0.3774
2106 0.2289 0.3780
2107 0.2295 0.3789
2108 0.2301 0.3798
2109 0.2307 0.3807
2110 0.2311 0.3813
2111 0.2316 0.3821
2112 0.2321 0.3829
2113 0.2327 0.3838
2114 0.2330 0.3843
2115 0.2335 0.3851
2116 0.2340 0.3858
2117 0.2346 0.3867
2118 0.2349 0.3873
2119 0.2354 0.3881
2120 0.2360 0.3889
2121 0.2366 0.3898
2122 0.2371 0.3905
2123 0.2374 0.3912
2124 0.2379 0.3919
2125 0.2384 0.3927
2126 0.2389 0.3934
2127 0.2392 0.3939
2128 0.2396 0.3946
2129 0.2401 0.3953
2130 0.2405 0.3960
2131 0.2409 0.3967
2132 0.2412 0.3971
2133 0.2416 0.3978
2134 0.2420 0.3984
2135 0.2423 0.3990
2136 0.2427 0.3996
2137 0.2430 0.4000
2138 0.2432 0.4006
2139 0.2436 0.4011
2140 0.2438 0.4015
2141 0.2442 0.4022
2142 0.2445 0.4027
2143 0.2447 0.4031
2144 0.2450 0.4036
2145 0.2454 0.4041
2146 0.2457 0.4047
2147 0.2460 0.4052
2148 0.2462 0.4056
2149 0.2464 0.4060
2150 0.2468 0.4065
2151 0.2471 0.4071
2152 0.2473 0.4075
2153 0.2476 0.4081
2154 0.2478 0.4084
2155 0.2480 0.4088
2156 0.2484 0.4094
2157 0.2486 0.4098
2158 0.2488 0.4103
2159 0.2491 0.4107
2160 0.2493 0.4111
2161 0.2494 0.4114
2162 0.2497 0.4118
2163 0.2499 0.4123
2164 0.2502 0.4127
2165 0.2503 0.4130
2166 0.2506 0.4134
2167 0.2508 0.4138
2168 0.2509 0.4142
2169 0.2511 0.4145
2170 0.2513 0.4149
2171 0.2515 0.4153
2172 0.2517 0.4157
2173 0.2519 0.4161
2174 0.2521 0.4165
2175 0.2522 0.4168
2176 0.2525 0.4172
2177 0.2527 0.4176
2178 0.2528 0.4181
2179 0.2532 0.4186
2180 0.2534 0.4190
2181 0.2536 0.4194
2182 0.2539 0.4198
2183 0.2541 0.4202
2184 0.2543 0.4206
2185 0.2546 0.4211
2186 0.2548 0.4214
2187 0.2550 0.4218
2188 0.2552 0.4223
2189 0.2554 0.4226
2190 0.2555 0.4229
2191 0.2558 0.4233
2192 0.2559 0.4236
2193 0.2560 0.4239
2194 0.2560 0.4240
2195 0.2561 0.4242
2196 0.2562 0.4245
2197 0.2563 0.4247
2198 0.2563 0.4250
2199 0.2563 0.4251
2200 0.2564 0.4253
2201 0.2566 0.4256
2202 0.2566 0.4258
2203 0.2566 0.4260
2204 0.2567 0.4261
2205 0.2567 0.4264
2206 0.2567 0.4265
2207 0.2568 0.4267
2208 0.2569 0.4270
2209 0.2570 0.4273
2210 0.2571 0.4275
2211 0.2572 0.4278
2212 0.2572 0.4279
2213 0.2572 0.4281
2214 0.2572 0.4282
2215 0.2572 0.4284
2216 0.2571 0.4284
2217 0.2571 0.4284
2218 0.2570 0.4285
2219 0.2569 0.4285
2220 0.2569 0.4286
2221 0.2569 0.4287
2222 0.2569 0.4288
2223 0.2567 0.4287
2224 0.2566 0.4287
2225 0.2565 0.4287
2226 0.2563 0.4285
2227 0.2561 0.4283
2228 0.2558 0.4282
2229 0.2556 0.4280
2230 0.2553 0.4277
2231 0.2551 0.4276
2232 0.2548 0.4273
2233 0.2544 0.4270
2234 0.2542 0.4268
2235 0.2539 0.4265
2236 0.2535 0.4261
2237 0.2530 0.4256
2238 0.2526 0.4253
2239 0.2522 0.4248
2240 0.2517 0.4242
2241 0.2511 0.4236
2242 0.2506 0.4231
2243 0.2500 0.4225
2244 0.2495 0.4218
2245 0.2489 0.4212
2246 0.2483 0.4205
2247 0.2477 0.4198
2248 0.2471 0.4192
2249 0.2465 0.4185
2250 0.2459 0.4179
2251 0.2453 0.4172
2252 0.2448 0.4166
2253 0.2440 0.4156
2254 0.2434 0.4150
2255 0.2427 0.4141
2256 0.2421 0.4134
2257 0.2415 0.4128
2258 0.2410 0.4122
2259 0.2403 0.4115
2260 0.2397 0.4108
2261 0.2390 0.4099
2262 0.2385 0.4093
2263 0.2379 0.4086
2264 0.2372 0.4078
2265 0.2366 0.4071
2266 0.2360 0.4064
2267 0.2354 0.4057
2268 0.2348 0.4050
2269 0.2342 0.4043
2270 0.2336 0.4036
2271 0.2331 0.4030
2272 0.2326 0.4024
2273 0.2320 0.4019
2274 0.2313 0.4010
2275 0.2308 0.4004
2276 0.2302 0.3998
2277 0.2297 0.3992
2278 0.2292 0.3986
2279 0.2287 0.3980
2280 0.2282 0.3975
2281 0.2277 0.3969
2282 0.2271 0.3962
2283 0.2267 0.3957
2284 0.2261 0.3949
2285 0.2255 0.3943
2286 0.2249 0.3936
2287 0.2241 0.3926
2288 0.2235 0.3919
2289 0.2229 0.3912
2290 0.2222 0.3904
2291 0.2217 0.3898
2292 0.2210 0.3890
2293 0.2205 0.3884
2294 0.2199 0.3877
2295 0.2194 0.3871
2296 0.2188 0.3863
2297 0.2183 0.3858
2298 0.2174 0.3847
2299 0.2170 0.3842
2300 0.2164 0.3834
2301 0.2159 0.3828
2302 0.2153 0.3820
2303 0.2148 0.3816
2304 0.2142 0.3809
2305 0.2139 0.3805
2306 0.2129 0.3793
2307 0.2126 0.3789
2308 0.2121 0.3784
2309 0.2117 0.3779
2310 0.2112 0.3773
2311 0.2109 0.3770
2312 0.2104 0.3764
2313 0.2101 0.3761
2314 0.2093 0.3750
2315 0.2091 0.3748
2316 0.2086 0.3743
2317 0.2082 0.3739
2318 0.2078 0.3734
2319 0.2075 0.3730
2320 0.2070 0.3725
2321 0.2067 0.3721
2322 0.2058 0.3709
2323 0.2055 0.3705
2324 0.2050 0.3699
2325 0.2045 0.3693
2326 0.2040 0.3688
2327 0.2036 0.3683
2328 0.2027 0.3669
2329 0.2023 0.3665
2330 0.2017 0.3658
2331 0.2012 0.3652
2332 0.2007 0.3645
2333 0.2001 0.3637
2334 0.1996 0.3630
2335 0.1986 0.3617
2336 0.1981 0.3611
2337 0.1975 0.3603
2338 0.1970 0.3596
2339 0.1965 0.3590
2340 0.1954 0.3575
2341 0.1950 0.3570
2342 0.1944 0.3562
2343 0.1939 0.3555
2344 0.1934 0.3548
2345 0.1929 0.3542
2346 0.1920 0.3530
2347 0.1915 0.3524
2348 0.1910 0.3518
2349 0.1906 0.3512
2350 0.1901 0.3507
2351 0.1892 0.3494
2352 0.1888 0.3490
2353 0.1884 0.3484
2354 0.1878 0.3477
2355 0.1874 0.3471
2356 0.1870 0.3466
2357 0.1860 0.3453
2358 0.1856 0.3448
2359 0.1852 0.3443
2360 0.1847 0.3437
2361 0.1843 0.3432
2362 0.1832 0.3417
2363 0.1828 0.3413
2364 0.1824 0.3407
2365 0.1820 0.3403
2366 0.1810 0.3389
2367 0.1806 0.3384
2368 0.1800 0.3377
2369 0.1795 0.3369
2370 0.1790 0.3363
2371 0.1780 0.3350
2372 0.1775 0.3344
2373 0.1770 0.3336
2374 0.1766 0.3331
2375 0.1755 0.3315
2376 0.1752 0.3312
2377 0.1746 0.3304
2378 0.1740 0.3295
2379 0.1737 0.3291
2380 0.1726 0.3276
2381 0.1721 0.3270
2382 0.1715 0.3261
2383 0.1710 0.3254
2384 0.1700 0.3239
2385 0.1694 0.3232
2386 0.1689 0.3225
2387 0.1684 0.3219
2388 0.1674 0.3204
2389 0.1669 0.3197
2390 0.1663 0.3189
2391 0.1657 0.3182
2392 0.1647 0.3166
2393 0.1642 0.3159
2394 0.1636 0.3150
2395 0.1631 0.3144
2396 0.1621 0.3129
2397 0.1616 0.3122
2398 0.1610 0.3114
2399 0.1606 0.3107
2400 0.1595 0.3092
2401 0.1590 0.3086
2402 0.1584 0.3076
2403 0.1580 0.3071
2404 0.1568 0.3052
2405 0.1563 0.3046
2406 0.1558 0.3039
2407 0.1547 0.3022
2408 0.1542 0.3015
2409 0.1536 0.3006
2410 0.1531 0.2999
2411 0.1521 0.2984
2412 0.1515 0.2975
2413 0.1508 0.2965
2414 0.1497 0.2948
2415 0.1492 0.2940
2416 0.1485 0.2930
2417 0.1479 0.2921
2418 0.1467 0.2904
2419 0.1461 0.2895
2420 0.1455 0.2885
2421 0.1443 0.2867
2422 0.1437 0.2858
2423 0.1430 0.2848
2424 0.1424 0.2839
2425 0.1412 0.2819
2426 0.1406 0.2811
2427 0.1400 0.2801
2428 0.1389 0.2784
2429 0.1382 0.2774
2430 0.1375 0.2763
2431 0.1363 0.2745
2432 0.1357 0.2736
2433 0.1351 0.2725
2434 0.1345 0.2717
2435 0.1333 0.2697
2436 0.1326 0.2687
2437 0.1320 0.2677
2438 0.1308 0.2659
2439 0.1302 0.2648
2440 0.1296 0.2640
2441 0.1284 0.2620
2442 0.1278 0.2611
2443 0.1271 0.2600
2444 0.1258 0.2580
2445 0.1252 0.2569
2446 0.1245 0.2558
2447 0.1234 0.2539
2448 0.1226 0.2528
2449 0.1220 0.2518
2450 0.1208 0.2498
2451 0.1202 0.2487
2452 0.1195 0.2477
2453 0.1182 0.2455
2454 0.1176 0.2445
2455 0.1170 0.2435
2456 0.1157 0.2414
2457 0.1152 0.2404
2458 0.1146 0.2395
2459 0.1134 0.2374
2460 0.1128 0.2364
2461 0.1121 0.2354
2462 0.1110 0.2334
2463 0.1104 0.2325
2464 0.1099 0.2316
2465 0.1089 0.2298
2466 0.1083 0.2288
2467 0.1072 0.2270
2468 0.1066 0.2259
2469 0.1061 0.2251
2470 0.1051 0.2232
2471 0.1046 0.2225
2472 0.1041 0.2216
2473 0.1031 0.2197
2474 0.1026 0.2189
2475 0.1021 0.2180
2476 0.1012 0.2165
2477 0.1008 0.2157
2478 0.0999 0.2141
2479 0.0994 0.2131
2480 0.0990 0.2123
2481 0.0982 0.2109
2482 0.0979 0.2103
2483 0.0977 0.2099
2484 0.0970 0.2085
2485 0.0964 0.2074
2486 0.0951 0.2051
2487 0.0950 0.2048
2488 0.0946 0.2039
2489 0.0935 0.2019
2490 0.0932 0.2014
2491 0.0928 0.2005
2492 0.0922 0.1993
2493 0.0919 0.1986
2494 0.0914 0.1975
2495 0.0912 0.1971
2496 0.0910 0.1967
2497 0.0905 0.1956
2498 0.0904 0.1952
2499 0.0898 0.1941
2500 0.0898 0.1938
