 400 0.0411 0.0013
 401 0.0411 0.0013
 402 0.0412 0.0012
 403 0.0412 0.0012
 404 0.0413 0.0012
 405 0.0414 0.0012
 406 0.0415 0.0012
 407 0.0416 0.0012
 408 0.0417 0.0012
 409 0.0419 0.0012
 410 0.0420 0.0012
 411 0.0421 0.0012
 412 0.0422 0.0012
 413 0.0423 0.0012
 414 0.0425 0.0012
 415 0.0427 0.0012
 416 0.0428 0.0012
 417 0.0430 0.0013
 418 0.0431 0.0013
 419 0.0433 0.0013
 420 0.0434 0.0013
 421 0.0436 0.0013
 422 0.0437 0.0014
 423 0.0439 0.0014
 424 0.0441 0.0014
 425 0.0442 0.0014
 426 0.0444 0.0014
 427 0.0445 0.0014
 428 0.0446 0.0014
 429 0.0447 0.0014
 430 0.0448 0.0014
 431 0.0449 0.0014
 432 0.0450 0.0014
 433 0.0451 0.0014
 434 0.0451 0.0014
 435 0.0452 0.0014
 436 0.0453 0.0014
 437 0.0453 0.0014
 438 0.0454 0.0014
 439 0.0454 0.0014
 440 0.0455 0.0015
 441 0.0455 0.0015
 442 0.0456 0.0016
 443 0.0456 0.0017
 444 0.0456 0.0017
 445 0.0456 0.0018
 446 0.0456 0.0019
 447 0.0456 0.0020
 448 0.0456 0.0022
 449 0.0456 0.0023
 450 0.0456 0.0025
 451 0.0455 0.0027
 452 0.0455 0.0029
 453 0.0455 0.0031
 454 0.0454 0.0034
 455 0.0454 0.0036
 456 0.0454 0.0038
 457 0.0453 0.0041
 458 0.0453 0.0043
 459 0.0453 0.0045
 460 0.0452 0.0047
 461 0.0452 0.0049
 462 0.0451 0.0051
 463 0.0451 0.0052
 464 0.0450 0.0054
 465 0.0449 0.0056
 466 0.0449 0.0058
 467 0.0449 0.0059
 468 0.0448 0.0060
 469 0.0448 0.0062
 470 0.0448 0.0063
 471 0.0448 0.0064
 472 0.0448 0.0065
 473 0.0447 0.0066
 474 0.0447 0.0067
 475 0.0447 0.0067
 476 0.0447 0.0068
 477 0.0447 0.0069
 478 0.0447 0.0070
 479 0.0447 0.0071
 480 0.0446 0.0072
 481 0.0446 0.0074
 482 0.0446 0.0076
 483 0.0446 0.0078
 484 0.0445 0.0081
 485 0.0445 0.0085
 486 0.0445 0.0089
 487 0.0445 0.0093
 488 0.0444 0.0099
 489 0.0444 0.0105
 490 0.0444 0.0113
 491 0.0444 0.0121
 492 0.0444 0.0130
 493 0.0444 0.0140
 494 0.0445 0.0151
 495 0.0446 0.0164
 496 0.0447 0.0178
 497 0.0448 0.0193
 498 0.0451 0.0210
 499 0.0454 0.0228
 500 0.0457 0.0248
 501 0.0461 0.0270
 502 0.0467 0.0293
 503 0.0473 0.0318
 504 0.0480 0.0345
 505 0.0488 0.0374
 506 0.0498 0.0405
 507 0.0509 0.0438
 508 0.0521 0.0472
 509 0.0535 0.0509
 510 0.0551 0.0548
 511 0.0568 0.0589
 512 0.0587 0.0632
 513 0.0608 0.0677
 514 0.0631 0.0723
 515 0.0655 0.0771
 516 0.0681 0.0820
 517 0.0709 0.0870
 518 0.0737 0.0920
 519 0.0766 0.0970
 520 0.0797 0.1020
 521 0.0827 0.1069
 522 0.0858 0.1118
 523 0.0889 0.1165
 524 0.0919 0.1210
 525 0.0948 0.1253
 526 0.0977 0.1293
 527 0.1003 0.1330
 528 0.1028 0.1365
 529 0.1051 0.1396
 530 0.1072 0.1425
 531 0.1092 0.1451
 532 0.1109 0.1474
 533 0.1125 0.1494
 534 0.1139 0.1512
 535 0.1151 0.1528
 536 0.1162 0.1542
 537 0.1171 0.1554
 538 0.1179 0.1564
 539 0.1186 0.1573
 540 0.1192 0.1580
 541 0.1198 0.1588
 542 0.1203 0.1594
 543 0.1208 0.1600
 544 0.1212 0.1606
 545 0.1217 0.1613
 546 0.1221 0.1619
 547 0.1226 0.1626
 548 0.1230 0.1632
 549 0.1235 0.1639
 550 0.1238 0.1644
 551 0.1241 0.1649
 552 0.1242 0.1652
 553 0.1243 0.1654
 554 0.1242 0.1655
 555 0.1240 0.1654
 556 0.1235 0.1651
 557 0.1230 0.1646
 558 0.1222 0.1639
 559 0.1214 0.1630
 560 0.1204 0.1620
 561 0.1193 0.1608
 562 0.1180 0.1595
 563 0.1167 0.1580
 564 0.1152 0.1563
 565 0.1136 0.1544
 566 0.1119 0.1524
 567 0.1102 0.1503
 568 0.1083 0.1480
 569 0.1064 0.1456
 570 0.1044 0.1432
 571 0.1025 0.1406
 572 0.1005 0.1381
 573 0.0987 0.1357
 574 0.0968 0.1333
 575 0.0951 0.1310
 576 0.0935 0.1288
 577 0.0920 0.1268
 578 0.0905 0.1249
 579 0.0892 0.1231
 580 0.0879 0.1213
 581 0.0868 0.1197
 582 0.0857 0.1181
 583 0.0846 0.1167
 584 0.0836 0.1153
 585 0.0828 0.1140
 586 0.0819 0.1128
 587 0.0811 0.1116
 588 0.0804 0.1106
 589 0.0797 0.1097
 590 0.0791 0.1088
 591 0.0786 0.1080
 592 0.0780 0.1072
 593 0.0776 0.1066
 594 0.0772 0.1060
 595 0.0768 0.1056
 596 0.0765 0.1050
 597 0.0761 0.1046
 598 0.0758 0.1041
 599 0.0754 0.1036
 600 0.0751 0.1031
 601 0.0747 0.1025
 602 0.0742 0.1018
 603 0.0737 0.1010
 604 0.0731 0.1001
 605 0.0725 0.0992
 606 0.0718 0.0980
 607 0.0710 0.0968
 608 0.0702 0.0955
 609 0.0693 0.0940
 610 0.0685 0.0926
 611 0.0676 0.0911
 612 0.0667 0.0896
 613 0.0659 0.0881
 614 0.0650 0.0865
 615 0.0641 0.0850
 616 0.0633 0.0836
 617 0.0626 0.0822
 618 0.0619 0.0810
 619 0.0613 0.0798
 620 0.0607 0.0788
 621 0.0602 0.0779
 622 0.0598 0.0771
 623 0.0595 0.0765
 624 0.0592 0.0759
 625 0.0589 0.0755
 626 0.0587 0.0751
 627 0.0586 0.0749
 628 0.0584 0.0747
 629 0.0583 0.0745
 630 0.0582 0.0744
 631 0.0580 0.0741
 632 0.0578 0.0738
 633 0.0576 0.0733
 634 0.0573 0.0726
 635 0.0568 0.0717
 636 0.0563 0.0707
 637 0.0557 0.0693
 638 0.0550 0.0678
 639 0.0542 0.0660
 640 0.0534 0.0642
 641 0.0526 0.0622
 642 0.0517 0.0601
 643 0.0508 0.0579
 644 0.0500 0.0558
 645 0.0492 0.0537
 646 0.0485 0.0517
 647 0.0478 0.0498
 648 0.0472 0.0481
 649 0.0467 0.0465
 650 0.0462 0.0452
 651 0.0459 0.0440
 652 0.0455 0.0429
 653 0.0452 0.0418
 654 0.0449 0.0407
 655 0.0446 0.0395
 656 0.0442 0.0382
 657 0.0439 0.0368
 658 0.0435 0.0352
 659 0.0431 0.0335
 660 0.0427 0.0317
 661 0.0424 0.0298
 662 0.0421 0.0280
 663 0.0419 0.0262
 664 0.0417 0.0244
 665 0.0416 0.0229
 666 0.0416 0.0214
 667 0.0416 0.0202
 668 0.0417 0.0191
 669 0.0419 0.0182
 670 0.0421 0.0175
 671 0.0423 0.0169
 672 0.0425 0.0165
 673 0.0428 0.0162
 674 0.0431 0.0160
 675 0.0435 0.0159
 676 0.0439 0.0159
 677 0.0443 0.0160
 678 0.0447 0.0163
 679 0.0451 0.0167
 680 0.0455 0.0174
 681 0.0459 0.0184
 682 0.0463 0.0197
 683 0.0467 0.0216
 684 0.0472 0.0241
 685 0.0478 0.0273
 686 0.0486 0.0313
 687 0.0497 0.0364
 688 0.0513 0.0425
 689 0.0535 0.0498
 690 0.0565 0.0582
 691 0.0603 0.0678
 692 0.0650 0.0785
 693 0.0707 0.0901
 694 0.0773 0.1025
 695 0.0848 0.1156
 696 0.0930 0.1291
 697 0.1020 0.1430
 698 0.1116 0.1569
 699 0.1216 0.1708
 700 0.1320 0.1845
 701 0.1426 0.1980
 702 0.1532 0.2111
 703 0.1637 0.2237
 704 0.1742 0.2358
 705 0.1844 0.2475
 706 0.1945 0.2586
 707 0.2043 0.2693
 708 0.2140 0.2797
 709 0.2235 0.2895
 710 0.2328 0.2992
 711 0.2419 0.3084
 712 0.2509 0.3174
 713 0.2597 0.3261
 714 0.2684 0.3346
 715 0.2769 0.3428
 716 0.2853 0.3508
 717 0.2935 0.3585
 718 0.3015 0.3660
 719 0.3093 0.3732
 720 0.3169 0.3802
 721 0.3242 0.3869
 722 0.3314 0.3934
 723 0.3383 0.3996
 724 0.3449 0.4055
 725 0.3514 0.4112
 726 0.3575 0.4166
 727 0.3634 0.4218
 728 0.3689 0.4266
 729 0.3743 0.4313
 730 0.3793 0.4357
 731 0.3841 0.4398
 732 0.3886 0.4437
 733 0.3929 0.4474
 734 0.3969 0.4508
 735 0.4007 0.4540
 736 0.4042 0.4570
 737 0.4074 0.4598
 738 0.4105 0.4624
 739 0.4133 0.4648
 740 0.4159 0.4671
 741 0.4183 0.4691
 742 0.4205 0.4711
 743 0.4225 0.4729
 744 0.4244 0.4745
 745 0.4261 0.4761
 746 0.4276 0.4775
 747 0.4290 0.4788
 748 0.4302 0.4800
 749 0.4313 0.4810
 750 0.4323 0.4820
 751 0.4333 0.4830
 752 0.4341 0.4839
 753 0.4350 0.4848
 754 0.4358 0.4856
 755 0.4365 0.4864
 756 0.4373 0.4872
 757 0.4379 0.4879
 758 0.4385 0.4886
 759 0.4391 0.4893
 760 0.4397 0.4899
 761 0.4402 0.4905
 762 0.4406 0.4911
 763 0.4410 0.4916
 764 0.4414 0.4921
 765 0.4417 0.4925
 766 0.4420 0.4930
 767 0.4423 0.4934
 768 0.4425 0.4938
 769 0.4427 0.4941
 770 0.4429 0.4944
 771 0.4430 0.4947
 772 0.4431 0.4950
 773 0.4432 0.4952
 774 0.4433 0.4955
 775 0.4433 0.4957
 776 0.4433 0.4959
 777 0.4433 0.4960
 778 0.4433 0.4961
 779 0.4433 0.4963
 780 0.4432 0.4964
 781 0.4432 0.4964
 782 0.4431 0.4965
 783 0.4431 0.4966
 784 0.4430 0.4967
 785 0.4430 0.4968
 786 0.4429 0.4968
 787 0.4429 0.4969
 788 0.4428 0.4970
 789 0.4427 0.4971
 790 0.4427 0.4972
 791 0.4426 0.4972
 792 0.4426 0.4973
 793 0.4425 0.4974
 794 0.4425 0.4975
 795 0.4424 0.4976
 796 0.4424 0.4976
 797 0.4423 0.4977
 798 0.4423 0.4978
 799 0.4422 0.4979
 800 0.4422 0.4979
 801 0.4421 0.4980
 802 0.4421 0.4981
 803 0.4420 0.4982
 804 0.4420 0.4982
 805 0.4419 0.4983
 806 0.4419 0.4984
 807 0.4418 0.4984
 808 0.4418 0.4985
 809 0.4417 0.4985
 810 0.4417 0.4986
 811 0.4416 0.4987
 812 0.4416 0.4987
 813 0.4415 0.4988
 814 0.4415 0.4988
 815 0.4414 0.4989
 816 0.4414 0.4989
 817 0.4413 0.4990
 818 0.4413 0.4990
 819 0.4412 0.4991
 820 0.4412 0.4991
 821 0.4411 0.4992
 822 0.4411 0.4992
 823 0.4410 0.4993
 824 0.4409 0.4994
 825 0.4408 0.4994
 826 0.4408 0.4994
 827 0.4407 0.4995
 828 0.4406 0.4995
 829 0.4405 0.4995
 830 0.4405 0.4996
 831 0.4404 0.4996
 832 0.4403 0.4996
 833 0.4402 0.4996
 834 0.4402 0.4996
 835 0.4401 0.4996
 836 0.4401 0.4997
 837 0.4400 0.4997
 838 0.4400 0.4998
 839 0.4399 0.4998
 840 0.4398 0.4999
 841 0.4398 0.4999
 842 0.4397 0.5000
 843 0.4397 0.5000
 844 0.4396 0.5001
 845 0.4396 0.5001
 846 0.4395 0.5002
 847 0.4395 0.5002
 848 0.4394 0.5003
 849 0.4394 0.5003
 850 0.4393 0.5004
 851 0.4393 0.5004
 852 0.4393 0.5004
 853 0.4392 0.5005
 854 0.4392 0.5006
 855 0.4391 0.5006
 856 0.4391 0.5006
 857 0.4390 0.5006
 858 0.4390 0.5007
 859 0.4389 0.5007
 860 0.4389 0.5008
 861 0.4388 0.5009
 862 0.4388 0.5009
 863 0.4387 0.5010
 864 0.4387 0.5010
 865 0.4386 0.5010
 866 0.4386 0.5010
 867 0.4386 0.5011
 868 0.4385 0.5011
 869 0.4385 0.5011
 870 0.4384 0.5012
 871 0.4384 0.5012
 872 0.4383 0.5013
 873 0.4382 0.5013
 874 0.4382 0.5014
 875 0.4381 0.5014
 876 0.4381 0.5015
 877 0.4380 0.5015
 878 0.4380 0.5015
 879 0.4379 0.5016
 880 0.4378 0.5016
 881 0.4378 0.5017
 882 0.4377 0.5017
 883 0.4377 0.5017
 884 0.4376 0.5018
 885 0.4375 0.5019
 886 0.4375 0.5019
 887 0.4374 0.5020
 888 0.4374 0.5020
 889 0.4373 0.5020
 890 0.4372 0.5021
 891 0.4372 0.5021
 892 0.4371 0.5021
 893 0.4370 0.5022
 894 0.4370 0.5022
 895 0.4369 0.5023
 896 0.4369 0.5023
 897 0.4368 0.5024
 898 0.4368 0.5024
 899 0.4367 0.5025
 900 0.4366 0.5025
 901 0.4366 0.5025
 902 0.4365 0.5026
 903 0.4365 0.5026
 904 0.4364 0.5026
 905 0.4363 0.5027
 906 0.4363 0.5027
 907 0.4362 0.5027
 908 0.4361 0.5028
 909 0.4361 0.5028
 910 0.4360 0.5028
 911 0.4359 0.5029
 912 0.4359 0.5029
 913 0.4358 0.5029
 914 0.4357 0.5030
 915 0.4357 0.5030
 916 0.4356 0.5030
 917 0.4355 0.5030
 918 0.4354 0.5030
 919 0.4353 0.5030
 920 0.4352 0.5031
 921 0.4351 0.5030
 922 0.4349 0.5030
 923 0.4348 0.5030
 924 0.4347 0.5029
 925 0.4346 0.5029
 926 0.4344 0.5029
 927 0.4343 0.5029
 928 0.4342 0.5028
 929 0.4339 0.5027
 930 0.4338 0.5026
 931 0.4336 0.5026
 932 0.4335 0.5025
 933 0.4333 0.5025
 934 0.4331 0.5025
 935 0.4329 0.5024
 936 0.4327 0.5022
 937 0.4324 0.5020
 938 0.4323 0.5019
 939 0.4321 0.5019
 940 0.4318 0.5017
 941 0.4314 0.5015
 942 0.4311 0.5014
 943 0.4309 0.5013
 944 0.4306 0.5011
 945 0.4304 0.5009
 946 0.4301 0.5007
 947 0.4299 0.5005
 948 0.4297 0.5003
 949 0.4293 0.4999
 950 0.4285 0.4993
 951 0.4280 0.4990
 952 0.4277 0.4987
 953 0.4272 0.4984
 954 0.4267 0.4980
 955 0.4263 0.4976
 956 0.4259 0.4973
 957 0.4256 0.4970
 958 0.4252 0.4967
 959 0.4250 0.4965
 960 0.4248 0.4962
 961 0.4243 0.4960
 962 0.4241 0.4959
 963 0.4239 0.4959
 964 0.4238 0.4959
 965 0.4237 0.4958
 966 0.4236 0.4957
 967 0.4236 0.4957
 968 0.4235 0.4957
 969 0.4235 0.4957
 970 0.4234 0.4956
 971 0.4234 0.4956
 972 0.4233 0.4956
 973 0.4232 0.4957
 974 0.4231 0.4957
 975 0.4230 0.4957
 976 0.4230 0.4958
 977 0.4230 0.4958
 978 0.4230 0.4959
 979 0.4229 0.4961
 980 0.4230 0.4962
 981 0.4229 0.4963
 982 0.4229 0.4964
 983 0.4229 0.4965
 984 0.4230 0.4966
 985 0.4230 0.4967
 986 0.4231 0.4968
 987 0.4232 0.4968
 988 0.4234 0.4969
 989 0.4234 0.4969
 990 0.4235 0.4971
 991 0.4236 0.4972
 992 0.4237 0.4974
 993 0.4237 0.4976
 994 0.4237 0.4978
 995 0.4238 0.4980
 996 0.4238 0.4982
 997 0.4239 0.4984
 998 0.4239 0.4986
 999 0.4240 0.4987
1000 0.4241 0.4989
1001 0.4242 0.4991
1002 0.4242 0.4993
1003 0.4243 0.4995
1004 0.4244 0.4997
1005 0.4245 0.4998
1006 0.4246 0.5000
1007 0.4247 0.5002
1008 0.4249 0.5003
1009 0.4250 0.5005
1010 0.4251 0.5007
1011 0.4252 0.5009
1012 0.4253 0.5011
1013 0.4254 0.5013
1014 0.4255 0.5015
1015 0.4256 0.5016
1016 0.4257 0.5018
1017 0.4258 0.5020
1018 0.4259 0.5022
1019 0.4260 0.5024
1020 0.4261 0.5027
1021 0.4262 0.5029
1022 0.4262 0.5031
1023 0.4263 0.5033
1024 0.4264 0.5035
1025 0.4265 0.5037
1026 0.4266 0.5038
1027 0.4267 0.5040
1028 0.4268 0.5043
1029 0.4270 0.5044
1030 0.4271 0.5046
1031 0.4271 0.5047
1032 0.4272 0.5048
1033 0.4273 0.5049
1034 0.4274 0.5050
1035 0.4275 0.5051
1036 0.4276 0.5052
1037 0.4277 0.5054
1038 0.4278 0.5056
1039 0.4278 0.5057
1040 0.4279 0.5058
1041 0.4279 0.5060
1042 0.4280 0.5062
1043 0.4280 0.5063
1044 0.4280 0.5065
1045 0.4280 0.5066
1046 0.4281 0.5067
1047 0.4282 0.5068
1048 0.4282 0.5069
1049 0.4283 0.5070
1050 0.4283 0.5071
1051 0.4283 0.5072
1052 0.4283 0.5074
1053 0.4283 0.5075
1054 0.4284 0.5076
1055 0.4284 0.5077
1056 0.4284 0.5077
1057 0.4284 0.5078
1058 0.4284 0.5078
1059 0.4284 0.5079
1060 0.4285 0.5080
1061 0.4285 0.5081
1062 0.4284 0.5082
1063 0.4284 0.5083
1064 0.4284 0.5083
1065 0.4284 0.5083
1066 0.4284 0.5083
1067 0.4284 0.5084
1068 0.4285 0.5084
1069 0.4284 0.5084
1070 0.4284 0.5085
1071 0.4283 0.5085
1072 0.4283 0.5086
1073 0.4283 0.5086
1074 0.4282 0.5087
1075 0.4282 0.5087
1076 0.4281 0.5088
1077 0.4280 0.5088
1078 0.4279 0.5089
1079 0.4279 0.5089
1080 0.4279 0.5089
1081 0.4278 0.5089
1082 0.4277 0.5089
1083 0.4276 0.5089
1084 0.4276 0.5089
1085 0.4275 0.5089
1086 0.4274 0.5089
1087 0.4273 0.5089
1088 0.4273 0.5089
1089 0.4271 0.5089
1090 0.4270 0.5089
1091 0.4269 0.5089
1092 0.4268 0.5089
1093 0.4268 0.5089
1094 0.4267 0.5089
1095 0.4266 0.5088
1096 0.4265 0.5088
1097 0.4263 0.5088
1098 0.4261 0.5088
1099 0.4260 0.5087
1100 0.4260 0.5087
1101 0.4259 0.5087
1102 0.4257 0.5087
1103 0.4256 0.5086
1104 0.4255 0.5086
1105 0.4254 0.5086
1106 0.4253 0.5086
1107 0.4251 0.5086
1108 0.4250 0.5085
1109 0.4249 0.5084
1110 0.4249 0.5083
1111 0.4248 0.5082
1112 0.4247 0.5081
1113 0.4246 0.5080
1114 0.4246 0.5080
1115 0.4246 0.5081
1116 0.4245 0.5081
1117 0.4244 0.5080
1118 0.4242 0.5080
1119 0.4240 0.5080
1120 0.4239 0.5079
1121 0.4237 0.5078
1122 0.4235 0.5077
1123 0.4233 0.5076
1124 0.4231 0.5076
1125 0.4230 0.5075
1126 0.4228 0.5073
1127 0.4224 0.5070
1128 0.4220 0.5067
1129 0.4218 0.5065
1130 0.4215 0.5063
1131 0.4211 0.5059
1132 0.4205 0.5054
1133 0.4198 0.5048
1134 0.4192 0.5042
1135 0.4186 0.5037
1136 0.4181 0.5032
1137 0.4176 0.5027
1138 0.4170 0.5020
1139 0.4161 0.5012
1140 0.4149 0.5001
1141 0.4138 0.4990
1142 0.4130 0.4982
1143 0.4123 0.4976
1144 0.4114 0.4967
1145 0.4101 0.4956
1146 0.4088 0.4944
1147 0.4079 0.4936
1148 0.4072 0.4930
1149 0.4066 0.4925
1150 0.4060 0.4919
1151 0.4053 0.4912
1152 0.4045 0.4906
1153 0.4038 0.4898
1154 0.4031 0.4893
1155 0.4027 0.4889
1156 0.4023 0.4888
1157 0.4021 0.4885
1158 0.4019 0.4884
1159 0.4017 0.4881
1160 0.4014 0.4879
1161 0.4012 0.4877
1162 0.4010 0.4875
1163 0.4009 0.4874
1164 0.4008 0.4874
1165 0.4008 0.4874
1166 0.4006 0.4875
1167 0.4005 0.4874
1168 0.4005 0.4874
1169 0.4004 0.4874
1170 0.4004 0.4874
1171 0.4002 0.4874
1172 0.3999 0.4872
1173 0.3997 0.4871
1174 0.3996 0.4871
1175 0.3996 0.4872
1176 0.3997 0.4873
1177 0.3997 0.4873
1178 0.3996 0.4872
1179 0.3995 0.4871
1180 0.3994 0.4871
1181 0.3993 0.4871
1182 0.3992 0.4872
1183 0.3991 0.4872
1184 0.3990 0.4871
1185 0.3989 0.4870
1186 0.3989 0.4868
1187 0.3990 0.4867
1188 0.3989 0.4866
1189 0.3989 0.4865
1190 0.3988 0.4865
1191 0.3986 0.4866
1192 0.3985 0.4867
1193 0.3983 0.4868
1194 0.3982 0.4869
1195 0.3980 0.4870
1196 0.3980 0.4869
1197 0.3980 0.4868
1198 0.3980 0.4868
1199 0.3981 0.4870
1200 0.3982 0.4872
1201 0.3983 0.4874
1202 0.3981 0.4875
1203 0.3980 0.4874
1204 0.3979 0.4874
1205 0.3979 0.4875
1206 0.3980 0.4877
1207 0.3981 0.4878
1208 0.3981 0.4879
1209 0.3980 0.4879
1210 0.3980 0.4880
1211 0.3981 0.4881
1212 0.3981 0.4882
1213 0.3981 0.4883
1214 0.3981 0.4883
1215 0.3980 0.4884
1216 0.3980 0.4884
1217 0.3980 0.4887
1218 0.3982 0.4889
1219 0.3983 0.4891
1220 0.3982 0.4891
1221 0.3981 0.4892
1222 0.3980 0.4893
1223 0.3980 0.4894
1224 0.3980 0.4895
1225 0.3980 0.4896
1226 0.3980 0.4896
1227 0.3979 0.4896
1228 0.3979 0.4896
1229 0.3979 0.4897
1230 0.3979 0.4898
1231 0.3979 0.4899
1232 0.3979 0.4900
1233 0.3979 0.4900
1234 0.3979 0.4901
1235 0.3979 0.4902
1236 0.3979 0.4904
1237 0.3979 0.4905
1238 0.3977 0.4906
1239 0.3976 0.4906
1240 0.3976 0.4906
1241 0.3975 0.4908
1242 0.3975 0.4909
1243 0.3975 0.4910
1244 0.3975 0.4910
1245 0.3976 0.4911
1246 0.3975 0.4911
1247 0.3975 0.4912
1248 0.3974 0.4913
1249 0.3974 0.4913
1250 0.3974 0.4914
1251 0.3975 0.4914
1252 0.3975 0.4915
1253 0.3974 0.4916
1254 0.3974 0.4916
1255 0.3973 0.4916
1256 0.3972 0.4916
1257 0.3971 0.4916
1258 0.3970 0.4916
1259 0.3970 0.4916
1260 0.3970 0.4917
1261 0.3970 0.4917
1262 0.3970 0.4918
1263 0.3969 0.4919
1264 0.3968 0.4919
1265 0.3967 0.4919
1266 0.3966 0.4920
1267 0.3966 0.4920
1268 0.3965 0.4919
1269 0.3965 0.4918
1270 0.3965 0.4918
1271 0.3963 0.4917
1272 0.3961 0.4917
1273 0.3959 0.4916
1274 0.3956 0.4915
1275 0.3954 0.4914
1276 0.3952 0.4914
1277 0.3951 0.4913
1278 0.3951 0.4912
1279 0.3949 0.4911
1280 0.3947 0.4910
1281 0.3945 0.4908
1282 0.3942 0.4907
1283 0.3939 0.4905
1284 0.3936 0.4904
1285 0.3934 0.4902
1286 0.3932 0.4901
1287 0.3930 0.4900
1288 0.3928 0.4899
1289 0.3927 0.4897
1290 0.3925 0.4895
1291 0.3923 0.4892
1292 0.3920 0.4890
1293 0.3918 0.4888
1294 0.3915 0.4886
1295 0.3911 0.4884
1296 0.3907 0.4881
1297 0.3903 0.4879
1298 0.3900 0.4877
1299 0.3897 0.4875
1300 0.3895 0.4873
1301 0.3890 0.4869
1302 0.3888 0.4867
1303 0.3884 0.4865
1304 0.3879 0.4862
1305 0.3875 0.4859
1306 0.3870 0.4853
1307 0.3866 0.4848
1308 0.3861 0.4843
1309 0.3858 0.4838
1310 0.3854 0.4834
1311 0.3850 0.4829
1312 0.3845 0.4824
1313 0.3839 0.4818
1314 0.3833 0.4812
1315 0.3826 0.4806
1316 0.3820 0.4801
1317 0.3814 0.4796
1318 0.3808 0.4789
1319 0.3801 0.4783
1320 0.3792 0.4774
1321 0.3784 0.4767
1322 0.3776 0.4759
1323 0.3769 0.4752
1324 0.3763 0.4745
1325 0.3759 0.4739
1326 0.3752 0.4731
1327 0.3741 0.4721
1328 0.3730 0.4710
1329 0.3719 0.4700
1330 0.3713 0.4693
1331 0.3707 0.4686
1332 0.3700 0.4678
1333 0.3691 0.4669
1334 0.3678 0.4658
1335 0.3666 0.4646
1336 0.3654 0.4634
1337 0.3644 0.4624
1338 0.3635 0.4615
1339 0.3628 0.4607
1340 0.3622 0.4599
1341 0.3615 0.4591
1342 0.3606 0.4581
1343 0.3597 0.4572
1344 0.3585 0.4561
1345 0.3570 0.4549
1346 0.3554 0.4537
1347 0.3541 0.4525
1348 0.3530 0.4515
1349 0.3523 0.4507
1350 0.3512 0.4497
1351 0.3504 0.4488
1352 0.3493 0.4478
1353 0.3483 0.4469
1354 0.3473 0.4460
1355 0.3466 0.4451
1356 0.3457 0.4438
1357 0.3450 0.4428
1358 0.3441 0.4416
1359 0.3437 0.4408
1360 0.3433 0.4403
1361 0.3426 0.4396
1362 0.3416 0.4388
1363 0.3402 0.4379
1364 0.3391 0.4372
1365 0.3381 0.4363
1366 0.3367 0.4350
1367 0.3359 0.4339
1368 0.3345 0.4322
1369 0.3331 0.4304
1370 0.3316 0.4285
1371 0.3296 0.4262
1372 0.3274 0.4238
1373 0.3255 0.4215
1374 0.3229 0.4186
1375 0.3198 0.4154
1376 0.3173 0.4124
1377 0.3142 0.4087
1378 0.3111 0.4049
1379 0.3075 0.4008
1380 0.3049 0.3972
1381 0.3006 0.3926
1382 0.2961 0.3878
1383 0.2909 0.3827
1384 0.2869 0.3781
1385 0.2810 0.3723
1386 0.2753 0.3664
1387 0.2696 0.3604
1388 0.2632 0.3538
1389 0.2588 0.3481
1390 0.2524 0.3412
1391 0.2466 0.3347
1392 0.2407 0.3280
1393 0.2352 0.3214
1394 0.2289 0.3144
1395 0.2247 0.3085
1396 0.2194 0.3021
1397 0.2134 0.2956
1398 0.2082 0.2895
1399 0.2032 0.2836
1400 0.1983 0.2780
1401 0.1938 0.2726
1402 0.1889 0.2670
1403 0.1848 0.2620
1404 0.1811 0.2571
1405 0.1783 0.2529
1406 0.1748 0.2484
1407 0.1716 0.2443
1408 0.1685 0.2404
1409 0.1652 0.2366
1410 0.1623 0.2332
1411 0.1599 0.2300
1412 0.1575 0.2269
1413 0.1554 0.2241
1414 0.1532 0.2214
1415 0.1513 0.2189
1416 0.1494 0.2167
1417 0.1477 0.2146
1418 0.1460 0.2126
1419 0.1445 0.2107
1420 0.1431 0.2091
1421 0.1418 0.2076
1422 0.1405 0.2061
1423 0.1392 0.2048
1424 0.1381 0.2036
1425 0.1367 0.2023
1426 0.1356 0.2014
1427 0.1347 0.2005
1428 0.1339 0.1997
1429 0.1331 0.1990
1430 0.1322 0.1982
1431 0.1315 0.1976
1432 0.1308 0.1970
1433 0.1302 0.1966
1434 0.1294 0.1962
1435 0.1289 0.1959
1436 0.1284 0.1955
1437 0.1278 0.1953
1438 0.1273 0.1950
1439 0.1270 0.1948
1440 0.1266 0.1946
1441 0.1262 0.1945
1442 0.1260 0.1945
1443 0.1257 0.1946
1444 0.1255 0.1948
1445 0.1253 0.1950
1446 0.1251 0.1952
1447 0.1250 0.1953
1448 0.1249 0.1955
1449 0.1249 0.1956
1450 0.1249 0.1958
1451 0.1250 0.1959
1452 0.1250 0.1961
1453 0.1250 0.1964
1454 0.1250 0.1968
1455 0.1252 0.1973
1456 0.1253 0.1977
1457 0.1254 0.1982
1458 0.1257 0.1988
1459 0.1259 0.1994
1460 0.1261 0.1999
1461 0.1267 0.2006
1462 0.1271 0.2012
1463 0.1275 0.2020
1464 0.1283 0.2030
1465 0.1289 0.2041
1466 0.1295 0.2051
1467 0.1305 0.2064
1468 0.1313 0.2076
1469 0.1321 0.2088
1470 0.1332 0.2103
1471 0.1340 0.2117
1472 0.1348 0.2131
1473 0.1361 0.2147
1474 0.1369 0.2161
1475 0.1383 0.2178
1476 0.1394 0.2193
1477 0.1405 0.2208
1478 0.1417 0.2224
1479 0.1428 0.2239
1480 0.1442 0.2257
1481 0.1452 0.2273
1482 0.1464 0.2291
1483 0.1474 0.2309
1484 0.1487 0.2327
1485 0.1498 0.2342
1486 0.1508 0.2358
1487 0.1523 0.2375
1488 0.1535 0.2391
1489 0.1551 0.2409
1490 0.1562 0.2424
1491 0.1578 0.2443
1492 0.1590 0.2461
1493 0.1604 0.2481
1494 0.1616 0.2499
1495 0.1633 0.2520
1496 0.1646 0.2538
1497 0.1661 0.2558
1498 0.1676 0.2577
1499 0.1689 0.2594
1500 0.1705 0.2612
1501 0.1717 0.2628
1502 0.1733 0.2646
1503 0.1747 0.2664
1504 0.1763 0.2683
1505 0.1779 0.2701
1506 0.1791 0.2717
1507 0.1807 0.2735
1508 0.1817 0.2751
1509 0.1834 0.2769
1510 0.1850 0.2787
1511 0.1864 0.2804
1512 0.1880 0.2823
1513 0.1890 0.2839
1514 0.1906 0.2857
1515 0.1923 0.2876
1516 0.1934 0.2891
1517 0.1951 0.2907
1518 0.1967 0.2923
1519 0.1979 0.2938
1520 0.1993 0.2954
1521 0.2009 0.2971
1522 0.2020 0.2987
1523 0.2036 0.3004
1524 0.2052 0.3022
1525 0.2063 0.3037
1526 0.2077 0.3054
1527 0.2091 0.3071
1528 0.2102 0.3085
1529 0.2115 0.3100
1530 0.2128 0.3115
1531 0.2144 0.3130
1532 0.2154 0.3144
1533 0.2168 0.3159
1534 0.2182 0.3174
1535 0.2196 0.3188
1536 0.2206 0.3199
1537 0.2220 0.3214
1538 0.2231 0.3228
1539 0.2246 0.3244
1540 0.2257 0.3258
1541 0.2267 0.3271
1542 0.2280 0.3286
1543 0.2292 0.3301
1544 0.2306 0.3316
1545 0.2315 0.3329
1546 0.2325 0.3341
1547 0.2338 0.3354
1548 0.2350 0.3367
1549 0.2361 0.3380
1550 0.2372 0.3393
1551 0.2381 0.3404
1552 0.2390 0.3414
1553 0.2402 0.3426
1554 0.2411 0.3438
1555 0.2422 0.3450
1556 0.2433 0.3461
1557 0.2442 0.3472
1558 0.2448 0.3482
1559 0.2457 0.3491
1560 0.2465 0.3502
1561 0.2474 0.3512
1562 0.2482 0.3522
1563 0.2492 0.3531
1564 0.2499 0.3541
1565 0.2509 0.3552
1566 0.2515 0.3561
1567 0.2524 0.3571
1568 0.2531 0.3581
1569 0.2539 0.3590
1570 0.2547 0.3599
1571 0.2554 0.3609
1572 0.2562 0.3619
1573 0.2571 0.3628
1574 0.2579 0.3638
1575 0.2585 0.3647
1576 0.2594 0.3657
1577 0.2600 0.3665
1578 0.2607 0.3673
1579 0.2615 0.3681
1580 0.2622 0.3688
1581 0.2630 0.3695
1582 0.2639 0.3703
1583 0.2646 0.3713
1584 0.2652 0.3722
1585 0.2659 0.3731
1586 0.2666 0.3739
1587 0.2672 0.3748
1588 0.2677 0.3754
1589 0.2685 0.3762
1590 0.2691 0.3768
1591 0.2699 0.3776
1592 0.2707 0.3783
1593 0.2715 0.3792
1594 0.2723 0.3801
1595 0.2729 0.3810
1596 0.2733 0.3816
1597 0.2739 0.3824
1598 0.2744 0.3829
1599 0.2751 0.3836
1600 0.2758 0.3844
1601 0.2763 0.3850
1602 0.2767 0.3856
1603 0.2775 0.3863
1604 0.2780 0.3869
1605 0.2786 0.3877
1606 0.2791 0.3883
1607 0.2795 0.3888
1608 0.2798 0.3892
1609 0.2803 0.3899
1610 0.2806 0.3903
1611 0.2810 0.3910
1612 0.2814 0.3916
1613 0.2819 0.3923
1614 0.2823 0.3929
1615 0.2827 0.3934
1616 0.2830 0.3938
1617 0.2834 0.3942
1618 0.2837 0.3946
1619 0.2843 0.3951
1620 0.2845 0.3955
1621 0.2849 0.3961
1622 0.2853 0.3966
1623 0.2858 0.3972
1624 0.2862 0.3978
1625 0.2866 0.3983
1626 0.2868 0.3987
1627 0.2873 0.3992
1628 0.2874 0.3994
1629 0.2879 0.3998
1630 0.2881 0.4001
1631 0.2883 0.4005
1632 0.2883 0.4009
1633 0.2887 0.4014
1634 0.2889 0.4018
1635 0.2893 0.4023
1636 0.2893 0.4026
1637 0.2897 0.4030
1638 0.2898 0.4032
1639 0.2900 0.4036
1640 0.2900 0.4038
1641 0.2904 0.4042
1642 0.2906 0.4045
1643 0.2910 0.4049
1644 0.2912 0.4051
1645 0.2916 0.4054
1646 0.2918 0.4055
1647 0.2922 0.4057
1648 0.2922 0.4057
1649 0.2926 0.4061
1650 0.2926 0.4063
1651 0.2927 0.4064
1652 0.2926 0.4064
1653 0.2929 0.4067
1654 0.2926 0.4066
1655 0.2926 0.4068
1656 0.2924 0.4069
1657 0.2926 0.4071
1658 0.2922 0.4070
1659 0.2921 0.4070
1660 0.2919 0.4070
1661 0.2919 0.4070
1662 0.2915 0.4068
1663 0.2915 0.4069
1664 0.2912 0.4068
1665 0.2912 0.4068
1666 0.2909 0.4067
1667 0.2909 0.4066
1668 0.2906 0.4064
1669 0.2905 0.4064
1670 0.2906 0.4064
1671 0.2913 0.4070
1672 0.2909 0.4069
1673 0.2908 0.4070
1674 0.2904 0.4070
1675 0.2902 0.4070
1676 0.2897 0.4068
1677 0.2896 0.4067
1678 0.2893 0.4065
1679 0.2892 0.4064
1680 0.2887 0.4062
1681 0.2886 0.4060
1682 0.2881 0.4057
1683 0.2878 0.4054
1684 0.2876 0.4052
1685 0.2874 0.4049
1686 0.2870 0.4045
1687 0.2867 0.4043
1688 0.2862 0.4039
1689 0.2861 0.4037
1690 0.2856 0.4034
1691 0.2855 0.4032
1692 0.2852 0.4030
1693 0.2851 0.4028
1694 0.2846 0.4023
1695 0.2843 0.4019
1696 0.2839 0.4016
1697 0.2837 0.4012
1698 0.2833 0.4008
1699 0.2828 0.4004
1700 0.2823 0.4001
1701 0.2819 0.3998
1702 0.2813 0.3994
1703 0.2810 0.3991
1704 0.2806 0.3988
1705 0.2803 0.3985
1706 0.2797 0.3980
1707 0.2795 0.3977
1708 0.2789 0.3972
1709 0.2787 0.3968
1710 0.2782 0.3962
1711 0.2778 0.3958
1712 0.2774 0.3955
1713 0.2771 0.3951
1714 0.2766 0.3948
1715 0.2763 0.3945
1716 0.2759 0.3942
1717 0.2756 0.3938
1718 0.2751 0.3933
1719 0.2748 0.3929
1720 0.2742 0.3924
1721 0.2739 0.3921
1722 0.2734 0.3918
1723 0.2730 0.3915
1724 0.2727 0.3911
1725 0.2723 0.3906
1726 0.2719 0.3900
1727 0.2719 0.3896
1728 0.2715 0.3892
1729 0.2713 0.3888
1730 0.2710 0.3884
1731 0.2708 0.3883
1732 0.2705 0.3881
1733 0.2703 0.3878
1734 0.2699 0.3874
1735 0.2697 0.3871
1736 0.2697 0.3869
1737 0.2693 0.3865
1738 0.2688 0.3861
1739 0.2687 0.3858
1740 0.2681 0.3855
1741 0.2678 0.3851
1742 0.2674 0.3846
1743 0.2672 0.3841
1744 0.2666 0.3834
1745 0.2661 0.3827
1746 0.2657 0.3821
1747 0.2653 0.3814
1748 0.2647 0.3805
1749 0.2642 0.3798
1750 0.2637 0.3791
1751 0.2631 0.3784
1752 0.2624 0.3776
1753 0.2619 0.3768
1754 0.2616 0.3760
1755 0.2610 0.3750
1756 0.2603 0.3742
1757 0.2596 0.3734
1758 0.2591 0.3729
1759 0.2585 0.3723
1760 0.2578 0.3717
1761 0.2572 0.3711
1762 0.2569 0.3705
1763 0.2566 0.3697
1764 0.2561 0.3688
1765 0.2558 0.3680
1766 0.2555 0.3673
1767 0.2552 0.3668
1768 0.2547 0.3666
1769 0.2542 0.3666
1770 0.2537 0.3667
1771 0.2534 0.3671
1772 0.2532 0.3674
1773 0.2527 0.3672
1774 0.2525 0.3670
1775 0.2523 0.3665
1776 0.2522 0.3659
1777 0.2525 0.3654
1778 0.2526 0.3647
1779 0.2525 0.3641
1780 0.2524 0.3637
1781 0.2521 0.3636
1782 0.2518 0.3639
1783 0.2513 0.3642
1784 0.2509 0.3646
1785 0.2503 0.3648
1786 0.2499 0.3649
1787 0.2496 0.3647
1788 0.2497 0.3643
1789 0.2498 0.3638
1790 0.2497 0.3632
1791 0.2500 0.3628
1792 0.2500 0.3625
1793 0.2500 0.3624
1794 0.2499 0.3626
1795 0.2499 0.3627
1796 0.2498 0.3628
1797 0.2498 0.3631
1798 0.2500 0.3634
1799 0.2502 0.3635
1800 0.2502 0.3634
1801 0.2505 0.3636
1802 0.2507 0.3637
1803 0.2509 0.3637
1804 0.2511 0.3636
1805 0.2514 0.3635
1806 0.2514 0.3635
1807 0.2516 0.3635
1808 0.2514 0.3635
1809 0.2513 0.3636
1810 0.2513 0.3639
1811 0.2510 0.3638
1812 0.2509 0.3639
1813 0.2509 0.3638
1814 0.2510 0.3636
1815 0.2512 0.3635
1816 0.2511 0.3630
1817 0.2513 0.3627
1818 0.2513 0.3624
1819 0.2513 0.3622
1820 0.2513 0.3622
1821 0.2513 0.3623
1822 0.2511 0.3625
1823 0.2511 0.3627
1824 0.2509 0.3626
1825 0.2510 0.3629
1826 0.2509 0.3629
1827 0.2506 0.3627
1828 0.2503 0.3625
1829 0.2502 0.3623
1830 0.2499 0.3620
1831 0.2497 0.3619
1832 0.2489 0.3614
1833 0.2486 0.3611
1834 0.2482 0.3606
1835 0.2476 0.3599
1836 0.2473 0.3593
1837 0.2469 0.3586
1838 0.2463 0.3579
1839 0.2457 0.3571
1840 0.2450 0.3563
1841 0.2440 0.3556
1842 0.2430 0.3549
1843 0.2418 0.3541
1844 0.2408 0.3533
1845 0.2396 0.3521
1846 0.2385 0.3508
1847 0.2376 0.3495
1848 0.2360 0.3477
1849 0.2346 0.3459
1850 0.2329 0.3440
1851 0.2316 0.3421
1852 0.2290 0.3394
1853 0.2273 0.3370
1854 0.2254 0.3343
1855 0.2237 0.3312
1856 0.2217 0.3279
1857 0.2193 0.3244
1858 0.2166 0.3207
1859 0.2141 0.3171
1860 0.2110 0.3132
1861 0.2082 0.3095
1862 0.2031 0.3043
1863 0.1995 0.2995
1864 0.1956 0.2944
1865 0.1921 0.2892
1866 0.1877 0.2835
1867 0.1839 0.2776
1868 0.1793 0.2713
1869 0.1756 0.2654
1870 0.1683 0.2578
1871 0.1633 0.2509
1872 0.1583 0.2439
1873 0.1527 0.2364
1874 0.1476 0.2290
1875 0.1416 0.2210
1876 0.1365 0.2132
1877 0.1276 0.2038
1878 0.1216 0.1954
1879 0.1161 0.1872
1880 0.1105 0.1789
1881 0.1044 0.1701
1882 0.0994 0.1619
1883 0.0909 0.1518
1884 0.0855 0.1434
1885 0.0807 0.1354
1886 0.0762 0.1276
1887 0.0716 0.1197
1888 0.0656 0.1112
1889 0.0617 0.1040
1890 0.0584 0.0973
1891 0.0554 0.0910
1892 0.0525 0.0849
1893 0.0487 0.0784
1894 0.0465 0.0732
1895 0.0447 0.0685
1896 0.0432 0.0641
1897 0.0421 0.0603
1898 0.0398 0.0557
1899 0.0390 0.0527
1900 0.0382 0.0499
1901 0.0373 0.0472
1902 0.0360 0.0445
1903 0.0353 0.0425
1904 0.0348 0.0408
1905 0.0343 0.0393
1906 0.0335 0.0376
1907 0.0332 0.0364
1908 0.0328 0.0353
1909 0.0325 0.0343
1910 0.0320 0.0332
1911 0.0318 0.0324
1912 0.0316 0.0316
1913 0.0314 0.0310
1914 0.0312 0.0302
1915 0.0311 0.0297
1916 0.0310 0.0292
1917 0.0308 0.0288
1918 0.0306 0.0283
1919 0.0304 0.0280
1920 0.0302 0.0278
1921 0.0300 0.0276
1922 0.0299 0.0274
1923 0.0297 0.0273
1924 0.0296 0.0272
1925 0.0295 0.0272
1926 0.0293 0.0271
1927 0.0292 0.0272
1928 0.0291 0.0272
1929 0.0291 0.0273
1930 0.0290 0.0274
1931 0.0289 0.0276
1932 0.0289 0.0278
1933 0.0288 0.0279
1934 0.0288 0.0282
1935 0.0288 0.0285
1936 0.0288 0.0288
1937 0.0288 0.0292
1938 0.0288 0.0295
1939 0.0288 0.0299
1940 0.0288 0.0304
1941 0.0289 0.0308
1942 0.0289 0.0313
1943 0.0290 0.0319
1944 0.0291 0.0324
1945 0.0291 0.0329
1946 0.0292 0.0336
1947 0.0293 0.0342
1948 0.0294 0.0346
1949 0.0296 0.0355
1950 0.0297 0.0360
1951 0.0299 0.0369
1952 0.0300 0.0375
1953 0.0301 0.0382
1954 0.0303 0.0391
1955 0.0305 0.0399
1956 0.0306 0.0405
1957 0.0308 0.0415
1958 0.0310 0.0423
1959 0.0313 0.0433
1960 0.0315 0.0441
1961 0.0316 0.0448
1962 0.0320 0.0461
1963 0.0321 0.0468
1964 0.0325 0.0480
1965 0.0327 0.0488
1966 0.0330 0.0497
1967 0.0333 0.0509
1968 0.0336 0.0519
1969 0.0339 0.0531
1970 0.0342 0.0540
1971 0.0347 0.0555
1972 0.0349 0.0563
1973 0.0351 0.0571
1974 0.0357 0.0586
1975 0.0360 0.0596
1976 0.0364 0.0610
1977 0.0367 0.0619
1978 0.0372 0.0635
1979 0.0376 0.0645
1980 0.0381 0.0659
1981 0.0385 0.0670
1982 0.0388 0.0680
1983 0.0394 0.0696
1984 0.0398 0.0707
1985 0.0403 0.0723
1986 0.0407 0.0733
1987 0.0413 0.0748
1988 0.0417 0.0759
1989 0.0423 0.0774
1990 0.0427 0.0786
1991 0.0433 0.0801
1992 0.0438 0.0812
1993 0.0444 0.0827
1994 0.0449 0.0839
1995 0.0455 0.0855
1996 0.0459 0.0865
1997 0.0466 0.0882
1998 0.0470 0.0892
1999 0.0478 0.0909
2000 0.0483 0.0920
2001 0.0487 0.0931
2002 0.0494 0.0947
2003 0.0502 0.0964
2004 0.0506 0.0974
2005 0.0514 0.0990
2006 0.0519 0.1002
2007 0.0526 0.1017
2008 0.0531 0.1028
2009 0.0538 0.1044
2010 0.0542 0.1054
2011 0.0550 0.1070
2012 0.0555 0.1080
2013 0.0562 0.1097
2014 0.0567 0.1107
2015 0.0575 0.1123
2016 0.0580 0.1134
2017 0.0587 0.1149
2018 0.0591 0.1158
2019 0.0598 0.1173
2020 0.0603 0.1183
2021 0.0610 0.1198
2022 0.0618 0.1213
2023 0.0622 0.1222
2024 0.0629 0.1237
2025 0.0634 0.1246
2026 0.0641 0.1261
2027 0.0645 0.1269
2028 0.0652 0.1283
2029 0.0659 0.1298
2030 0.0664 0.1307
2031 0.0669 0.1319
2032 0.0674 0.1329
2033 0.0681 0.1342
2034 0.0685 0.1351
2035 0.0692 0.1364
2036 0.0699 0.1378
2037 0.0702 0.1385
2038 0.0710 0.1399
2039 0.0713 0.1407
2040 0.0720 0.1420
2041 0.0726 0.1433
2042 0.0730 0.1440
2043 0.0737 0.1453
2044 0.0740 0.1460
2045 0.0747 0.1472
2046 0.0753 0.1485
2047 0.0757 0.1492
2048 0.0763 0.1505
2049 0.0767 0.1512
2050 0.0773 0.1524
2051 0.0779 0.1536
2052 0.0783 0.1544
2053 0.0789 0.1555
2054 0.0796 0.1568
2055 0.0799 0.1575
2056 0.0806 0.1588
2057 0.0810 0.1595
2058 0.0817 0.1608
2059 0.0824 0.1621
2060 0.0828 0.1629
2061 0.0835 0.1643
2062 0.0842 0.1655
2063 0.0847 0.1665
2064 0.0853 0.1677
2065 0.0861 0.1691
2066 0.0865 0.1698
2067 0.0872 0.1711
2068 0.0879 0.1724
2069 0.0883 0.1733
2070 0.0890 0.1745
2071 0.0897 0.1759
2072 0.0901 0.1766
2073 0.0908 0.1779
2074 0.0915 0.1791
2075 0.0920 0.1800
2076 0.0926 0.1812
2077 0.0933 0.1825
2078 0.0937 0.1833
2079 0.0944 0.1845
2080 0.0950 0.1856
2081 0.0954 0.1863
2082 0.0961 0.1876
2083 0.0968 0.1888
2084 0.0971 0.1895
2085 0.0977 0.1906
2086 0.0984 0.1919
2087 0.0991 0.1930
2088 0.0995 0.1938
2089 0.1001 0.1950
2090 0.1007 0.1961
2091 0.1012 0.1969
2092 0.1017 0.1978
2093 0.1024 0.1991
2094 0.1030 0.2001
2095 0.1034 0.2009
2096 0.1039 0.2019
2097 0.1046 0.2030
2098 0.1050 0.2038
2099 0.1056 0.2048
2100 0.1062 0.2059
2101 0.1068 0.2070
2102 0.1072 0.2077
2103 0.1078 0.2088
2104 0.1084 0.2098
2105 0.1090 0.2109
2106 0.1094 0.2116
2107 0.1099 0.2125
2108 0.1105 0.2135
2109 0.1110 0.2145
2110 0.1114 0.2152
2111 0.1119 0.2161
2112 0.1124 0.2170
2113 0.1130 0.2180
2114 0.1133 0.2186
2115 0.1137 0.2194
2116 0.1142 0.2203
2117 0.1148 0.2212
2118 0.1151 0.2219
2119 0.1156 0.2228
2120 0.1162 0.2237
2121 0.1168 0.2248
2122 0.1173 0.2256
2123 0.1176 0.2263
2124 0.1181 0.2272
2125 0.1186 0.2281
2126 0.1191 0.2289
2127 0.1194 0.2294
2128 0.1198 0.2302
2129 0.1203 0.2311
2130 0.1207 0.2319
2131 0.1212 0.2326
2132 0.1214 0.2332
2133 0.1219 0.2340
2134 0.1222 0.2346
2135 0.1226 0.2353
2136 0.1230 0.2360
2137 0.1232 0.2365
2138 0.1236 0.2371
2139 0.1239 0.2377
2140 0.1242 0.2382
2141 0.1246 0.2390
2142 0.1249 0.2395
2143 0.1251 0.2400
2144 0.1254 0.2405
2145 0.1258 0.2412
2146 0.1262 0.2418
2147 0.1265 0.2425
2148 0.1267 0.2429
2149 0.1269 0.2434
2150 0.1273 0.2440
2151 0.1277 0.2447
2152 0.1279 0.2452
2153 0.1283 0.2458
2154 0.1285 0.2463
2155 0.1287 0.2467
2156 0.1291 0.2474
2157 0.1293 0.2478
2158 0.1296 0.2484
2159 0.1299 0.2489
2160 0.1302 0.2494
2161 0.1303 0.2497
2162 0.1306 0.2502
2163 0.1308 0.2508
2164 0.1311 0.2513
2165 0.1313 0.2517
2166 0.1316 0.2521
2167 0.1319 0.2527
2168 0.1321 0.2531
2169 0.1322 0.2534
2170 0.1325 0.2539
2171 0.1327 0.2543
2172 0.1329 0.2548
2173 0.1332 0.2553
2174 0.1334 0.2559
2175 0.1336 0.2562
2176 0.1339 0.2567
2177 0.1341 0.2572
2178 0.1344 0.2577
2179 0.1347 0.2584
2180 0.1350 0.2589
2181 0.1353 0.2594
2182 0.1356 0.2600
2183 0.1359 0.2604
2184 0.1361 0.2609
2185 0.1365 0.2616
2186 0.1367 0.2620
2187 0.1370 0.2625
2188 0.1372 0.2630
2189 0.1375 0.2635
2190 0.1377 0.2638
2191 0.1379 0.2643
2192 0.1381 0.2647
2193 0.1383 0.2651
2194 0.1383 0.2652
2195 0.1384 0.2655
2196 0.1386 0.2658
2197 0.1387 0.2661
2198 0.1388 0.2664
2199 0.1389 0.2666
2200 0.1390 0.2669
2201 0.1391 0.2672
2202 0.1392 0.2674
2203 0.1393 0.2677
2204 0.1394 0.2678
2205 0.1395 0.2681
2206 0.1395 0.2682
2207 0.1396 0.2685
2208 0.1398 0.2689
2209 0.1399 0.2692
2210 0.1401 0.2695
2211 0.1402 0.2698
2212 0.1403 0.2700
2213 0.1403 0.2702
2214 0.1403 0.2704
2215 0.1404 0.2705
2216 0.1403 0.2705
2217 0.1403 0.2705
2218 0.1402 0.2705
2219 0.1402 0.2706
2220 0.1402 0.2707
2221 0.1402 0.2707
2222 0.1402 0.2708
2223 0.1400 0.2707
2224 0.1399 0.2706
2225 0.1398 0.2705
2226 0.1395 0.2703
2227 0.1393 0.2700
2228 0.1391 0.2698
2229 0.1388 0.2694
2230 0.1385 0.2690
2231 0.1383 0.2688
2232 0.1380 0.2683
2233 0.1375 0.2679
2234 0.1373 0.2675
2235 0.1369 0.2670
2236 0.1364 0.2664
2237 0.1359 0.2657
2238 0.1355 0.2651
2239 0.1349 0.2643
2240 0.1344 0.2635
2241 0.1338 0.2627
2242 0.1332 0.2618
2243 0.1325 0.2609
2244 0.1319 0.2600
2245 0.1313 0.2591
2246 0.1305 0.2580
2247 0.1299 0.2571
2248 0.1292 0.2561
2249 0.1286 0.2551
2250 0.1279 0.2542
2251 0.1273 0.2532
2252 0.1266 0.2523
2253 0.1258 0.2510
2254 0.1252 0.2500
2255 0.1244 0.2489
2256 0.1237 0.2479
2257 0.1231 0.2470
2258 0.1225 0.2461
2259 0.1218 0.2451
2260 0.1212 0.2441
2261 0.1205 0.2430
2262 0.1199 0.2421
2263 0.1192 0.2411
2264 0.1185 0.2400
2265 0.1179 0.2391
2266 0.1173 0.2381
2267 0.1167 0.2372
2268 0.1160 0.2363
2269 0.1154 0.2353
2270 0.1148 0.2344
2271 0.1143 0.2336
2272 0.1138 0.2328
2273 0.1132 0.2321
2274 0.1125 0.2309
2275 0.1120 0.2302
2276 0.1114 0.2293
2277 0.1110 0.2286
2278 0.1105 0.2278
2279 0.1100 0.2270
2280 0.1095 0.2264
2281 0.1090 0.2256
2282 0.1085 0.2247
2283 0.1080 0.2240
2284 0.1074 0.2231
2285 0.1069 0.2222
2286 0.1063 0.2214
2287 0.1056 0.2201
2288 0.1050 0.2193
2289 0.1044 0.2183
2290 0.1038 0.2173
2291 0.1033 0.2165
2292 0.1027 0.2156
2293 0.1022 0.2148
2294 0.1017 0.2140
2295 0.1012 0.2132
2296 0.1007 0.2123
2297 0.1002 0.2116
2298 0.0994 0.2103
2299 0.0990 0.2097
2300 0.0985 0.2088
2301 0.0980 0.2080
2302 0.0975 0.2071
2303 0.0971 0.2065
2304 0.0966 0.2057
2305 0.0963 0.2052
2306 0.0955 0.2039
2307 0.0951 0.2034
2308 0.0948 0.2028
2309 0.0944 0.2022
2310 0.0940 0.2016
2311 0.0938 0.2012
2312 0.0933 0.2005
2313 0.0931 0.2001
2314 0.0924 0.1990
2315 0.0923 0.1987
2316 0.0919 0.1981
2317 0.0916 0.1977
2318 0.0912 0.1971
2319 0.0910 0.1967
2320 0.0906 0.1961
2321 0.0903 0.1956
2322 0.0896 0.1944
2323 0.0894 0.1939
2324 0.0890 0.1933
2325 0.0885 0.1926
2326 0.0882 0.1920
2327 0.0879 0.1915
2328 0.0871 0.1900
2329 0.0868 0.1895
2330 0.0863 0.1887
2331 0.0859 0.1880
2332 0.0854 0.1872
2333 0.0850 0.1864
2334 0.0846 0.1857
2335 0.0838 0.1842
2336 0.0834 0.1835
2337 0.0829 0.1827
2338 0.0825 0.1819
2339 0.0821 0.1812
2340 0.0813 0.1797
2341 0.0809 0.1791
2342 0.0805 0.1782
2343 0.0801 0.1776
2344 0.0797 0.1768
2345 0.0793 0.1761
2346 0.0786 0.1749
2347 0.0783 0.1743
2348 0.0779 0.1736
2349 0.0776 0.1731
2350 0.0772 0.1725
2351 0.0765 0.1711
2352 0.0763 0.1707
2353 0.0760 0.1701
2354 0.0755 0.1694
2355 0.0752 0.1688
2356 0.0750 0.1683
2357 0.0742 0.1670
2358 0.0740 0.1665
2359 0.0737 0.1660
2360 0.0733 0.1653
2361 0.0730 0.1648
2362 0.0723 0.1634
2363 0.0720 0.1629
2364 0.0717 0.1624
2365 0.0714 0.1619
2366 0.0707 0.1605
2367 0.0704 0.1600
2368 0.0700 0.1593
2369 0.0696 0.1585
2370 0.0693 0.1580
2371 0.0686 0.1566
2372 0.0683 0.1560
2373 0.0679 0.1552
2374 0.0677 0.1548
2375 0.0669 0.1533
2376 0.0667 0.1529
2377 0.0663 0.1522
2378 0.0659 0.1513
2379 0.0657 0.1509
2380 0.0649 0.1494
2381 0.0646 0.1488
2382 0.0642 0.1480
2383 0.0639 0.1473
2384 0.0632 0.1460
2385 0.0628 0.1452
2386 0.0625 0.1446
2387 0.0622 0.1440
2388 0.0615 0.1426
2389 0.0612 0.1419
2390 0.0608 0.1412
2391 0.0605 0.1405
2392 0.0598 0.1390
2393 0.0594 0.1383
2394 0.0591 0.1376
2395 0.0588 0.1369
2396 0.0582 0.1356
2397 0.0578 0.1350
2398 0.0575 0.1343
2399 0.0572 0.1336
2400 0.0566 0.1322
2401 0.0563 0.1316
2402 0.0559 0.1308
2403 0.0556 0.1303
2404 0.0549 0.1287
2405 0.0546 0.1280
2406 0.0543 0.1274
2407 0.0536 0.1259
2408 0.0533 0.1253
2409 0.0530 0.1245
2410 0.0527 0.1239
2411 0.0521 0.1226
2412 0.0517 0.1218
2413 0.0514 0.1209
2414 0.0507 0.1195
2415 0.0504 0.1188
2416 0.0500 0.1179
2417 0.0497 0.1171
2418 0.0490 0.1157
2419 0.0487 0.1149
2420 0.0483 0.1141
2421 0.0477 0.1126
2422 0.0473 0.1118
2423 0.0470 0.1109
2424 0.0467 0.1102
2425 0.0460 0.1086
2426 0.0457 0.1079
2427 0.0454 0.1071
2428 0.0448 0.1057
2429 0.0444 0.1048
2430 0.0440 0.1039
2431 0.0435 0.1025
2432 0.0431 0.1017
2433 0.0428 0.1009
2434 0.0425 0.1002
2435 0.0419 0.0987
2436 0.0416 0.0979
2437 0.0413 0.0971
2438 0.0407 0.0957
2439 0.0404 0.0949
2440 0.0401 0.0942
2441 0.0395 0.0927
2442 0.0392 0.0920
2443 0.0389 0.0912
2444 0.0383 0.0896
2445 0.0380 0.0888
2446 0.0377 0.0880
2447 0.0372 0.0866
2448 0.0369 0.0858
2449 0.0366 0.0850
2450 0.0361 0.0836
2451 0.0358 0.0828
2452 0.0355 0.0821
2453 0.0349 0.0805
2454 0.0347 0.0798
2455 0.0344 0.0791
2456 0.0339 0.0776
2457 0.0337 0.0770
2458 0.0334 0.0763
2459 0.0329 0.0749
2460 0.0327 0.0742
2461 0.0324 0.0735
2462 0.0320 0.0721
2463 0.0318 0.0716
2464 0.0316 0.0710
2465 0.0312 0.0698
2466 0.0310 0.0691
2467 0.0306 0.0679
2468 0.0303 0.0673
2469 0.0302 0.0667
2470 0.0298 0.0655
2471 0.0296 0.0651
2472 0.0294 0.0645
2473 0.0291 0.0633
2474 0.0289 0.0628
2475 0.0287 0.0623
2476 0.0284 0.0614
2477 0.0283 0.0609
2478 0.0280 0.0599
2479 0.0278 0.0593
2480 0.0277 0.0589
2481 0.0274 0.0581
2482 0.0273 0.0577
2483 0.0273 0.0575
2484 0.0270 0.0567
2485 0.0269 0.0560
2486 0.0265 0.0547
2487 0.0264 0.0545
2488 0.0263 0.0541
2489 0.0260 0.0529
2490 0.0259 0.0526
2491 0.0258 0.0521
2492 0.0256 0.0515
2493 0.0255 0.0511
2494 0.0254 0.0505
2495 0.0253 0.0503
2496 0.0253 0.0502
2497 0.0252 0.0496
2498 0.0252 0.0494
2499 0.0250 0.0488
2500 0.0250 0.0487
