=====================================================================
  29499 2006-044A   METOP-A                                          
  Launched: 2006-10-19 (292)           Start Date: 2007-01-01 (001)  
   Decayed:                             Stop Date: 2007-12-31 (365)  
=====================================================================
1 29499U 06044A   07001.86947228 -.00000094  00000-0 -22672-4 0   776
2 29499  98.7297  63.6404 0000550 132.6427 227.4801 14.21476539 10530
1 29499U 06044A   07001.86947228 -.00000094  00000-0 -22672-4 0   798
2 29499  98.7297  63.6404 0000550 132.6427 227.4801 14.21476539 10530
1 29499U 06044A   07002.78452944  .00000108  00000-0  69406-4 0   796
2 29499  98.7295  64.5454 0000564 131.9464 228.1782 14.21477692 10662
1 29499U 06044A   07003.13647414  .00000145  00000-0  86573-4 0   788
2 29499  98.7293  64.8933 0000543 130.5450 229.5778 14.21477970 10717
1 29499U 06044A   07003.48841910  .00000184  00000-0  10418-3 0   791
2 29499  98.7291  65.2414 0000552 132.8204 227.3032 14.21478317 10766
1 29499U 06044A   07004.33308727  .00000092  00000-0  62119-4 0   794
2 29499  98.7288  66.0768 0000572 132.2360 227.8864 14.21478074 10883
1 29499U 06044A   07004.75542132 -.00000015  00000-0  13464-4 0   807
2 29499  98.7288  66.4942 0000591 136.0965 224.0245 14.21477649 10941
1 29499U 06044A   07005.81125744 -.00000135  00000-0 -41704-4 0   814
2 29499  98.7280  67.5380 0000563 132.8846 227.2374 14.21477062 11096
1 29499U 06044A   07006.44475892 -.00000095  00000-0 -23310-4 0   814
2 29499  98.7278  68.1643 0000580 132.7231 227.4002 14.21477205 11187
1 29499U 06044A   07006.79670404 -.00000070  00000-0 -12026-4 0   824
2 29499  98.7278  68.5121 0000647 133.1507 226.9737 14.21477359 11232
1 29499U 06044A   07007.85253841  .00000125  00000-0  77298-4 0   825
2 29499  98.7278  69.5561 0000689 134.2543 225.8693 14.21478437 11382
1 29499U 06044A   07008.83798347  .00000119  00000-0  74536-4 0   857
2 29499  98.7274  70.5304 0000698 136.8793 223.2417 14.21478767 11528
1 29499U 06044A   07009.18992876  .00000079  00000-0  56013-4 0   832
2 29499  98.7267  70.8783 0000694 133.7770 226.3453 14.21478667 11579
1 29499U 06044A   07009.89381896 -.00000097  00000-0 -24443-4 0   850
2 29499  98.7268  71.5738 0000717 136.6488 223.4719 14.21477823 11679
1 29499U 06044A   07010.24576459 -.00000103  00000-0 -27061-4 0   848
2 29499  98.7265  71.9218 0000707 134.0919 226.0323 14.21477870 11721
1 29499U 06044A   07010.59770956 -.00000135  00000-0 -41726-4 0   854
2 29499  98.7265  72.2696 0000747 135.4181 224.7061 14.21477756 11777
1 29499U 06044A   07011.30160004 -.00000088  00000-0 -20295-4 0   856
2 29499  98.7265  72.9656 0000719 134.9188 225.2073 14.21477860 11876
1 29499U 06044A   07011.65354464 -.00000085  00000-0 -18783-4 0   866
2 29499  98.7266  73.3136 0000775 135.9727 224.1527 14.21477970 11927
1 29499U 06044A   07012.77976764  .00000105  00000-0  68031-4 0   865
2 29499  98.7268  74.4269 0000783 138.5713 221.5531 14.21478983 12080
1 29499U 06044A   07013.83560172  .00000068  00000-0  51380-4 0   873
2 29499  98.7270  75.4711 0000806 137.0240 223.0982 14.21479032 12231
1 29499U 06044A   07014.96182575 -.00000090  00000-0 -20834-4 0   883
2 29499  98.7270  76.5849 0000853 136.8087 223.3132 14.21478265 12397
1 29499U 06044A   07014.96182575 -.00000090  00000-0 -20834-4 0   906
2 29499  98.7270  76.5849 0000853 136.8087 223.3132 14.21478265 12397
1 29499U 06044A   07015.80649459 -.00000232  00000-0 -85971-4 0   900
2 29499  98.7270  77.4201 0000861 136.4414 223.6827 14.21477475 12518
1 29499U 06044A   07016.15843990 -.00000214  00000-0 -77976-4 0   899
2 29499  98.7269  77.7681 0000892 138.4395 221.6864 14.21477485 12560
1 29499U 06044A   07016.58077390 -.00000099  00000-0 -24989-4 0   908
2 29499  98.7268  78.1855 0000955 137.8733 222.2559 14.21478130 12629
1 29499U 06044A   07017.42544075  .00000153  00000-0  89944-4 0   902
2 29499  98.7269  79.0207 0001020 139.3950 220.7342 14.21479394 12742
1 29499U 06044A   07018.83321848  .00000130  00000-0  79551-4 0   918
2 29499  98.7268  80.4126 0001055 137.4461 222.6775 14.21479696 12949
1 29499U 06044A   07019.88905342 -.00000141  00000-0 -44543-4 0   929
2 29499  98.7260  81.4560 0001048 136.0765 224.0462 14.21478487 13091
1 29499U 06044A   07019.88905342 -.00000141  00000-0 -44543-4 0   930
2 29499  98.7260  81.4560 0001048 136.0765 224.0462 14.21478487 13091
1 29499U 06044A   07020.80411078 -.00000144  00000-0 -45591-4 0   940
2 29499  98.7258  82.3603 0001070 132.7350 227.3922 14.21478473 13221
1 29499U 06044A   07021.15605566 -.00000046  00000-0 -77103-6 0   932
2 29499  98.7254  82.7081 0001078 133.4780 226.6508 14.21478901 13277
1 29499U 06044A   07021.78955600  .00000010  00000-0  24435-4 0   946
2 29499  98.7256  83.3342 0001102 132.3858 227.7428 14.21479204 13368
1 29499U 06044A   07022.70461138  .00000127  00000-0  77957-4 0   943
2 29499  98.7254  84.2386 0001077 130.6871 229.4405 14.21480080 13493
1 29499U 06044A   07023.61966699  .00000148  00000-0  87773-4 0   968
2 29499  98.7254  85.1431 0001110 130.0717 230.0557 14.21480471 13620
1 29499U 06044A   07024.11238922  .00000018  00000-0  28455-4 0   952
2 29499  98.7253  85.6301 0001104 128.4653 231.6582 14.21479839 13691
1 29499U 06044A   07024.53472357 -.00000113  00000-0 -31528-4 0   964
2 29499  98.7252  86.0475 0001140 130.3883 229.7376 14.21479227 13751
1 29499U 06044A   07025.80172531 -.00000129  00000-0 -38856-4 0   964
2 29499  98.7252  87.2999 0001144 126.9940 233.1355 14.21479069 13934
1 29499U 06044A   07026.64639201  .00000003  00000-0  21346-4 0   986
2 29499  98.7248  88.1346 0001112 126.1651 233.9644 14.21479790 14055
1 29499U 06044A   07027.06872529  .00000121  00000-0  75356-4 0   975
2 29499  98.7244  88.5518 0001121 125.3980 234.7316 14.21480354 14112
1 29499U 06044A   07028.05416898  .00000081  00000-0  57340-4 0   998
2 29499  98.7246  89.5260 0001147 124.1945 235.9295 14.21480316 14257
1 29499U 06044A   07028.54689219  .00000015  00000-0  27009-4 0   986
2 29499  98.7246  90.0134 0001193 126.3458 233.7837 14.21480220 14328
1 29499U 06044A   07029.46194868 -.00000172  00000-0 -58741-4 0  1006
2 29499  98.7247  90.9180 0001196 125.8812 234.2472 14.21479193 14452
1 29499U 06044A   07030.09544942 -.00000192  00000-0 -67904-4 0   999
2 29499  98.7245  91.5443 0001170 124.1714 235.9572 14.21478929 14549
1 29499U 06044A   07030.51778330 -.00000170  00000-0 -57758-4 0  1001
2 29499  98.7244  91.9616 0001169 124.2275 235.9030 14.21479023 14607
1 29499U 06044A   07031.36245045  .00000041  00000-0  38892-4 0  1000
2 29499  98.7248  92.7965 0001243 124.2847 235.8493 14.21479969 14729
1 29499U 06044A   07031.92556092  .00000162  00000-0  94175-4 0  1010
2 29499  98.7248  93.3531 0001292 123.6176 236.5141 14.21480599 14805
1 29499U 06044A   07032.62944874  .00000230  00000-0  12506-3 0  1010
2 29499  98.7246  94.0487 0001279 123.8809 236.2494 14.21481414 14907
1 29499U 06044A   07033.54450414  .00000153  00000-0  90244-4 0  1036
2 29499  98.7241  94.9532 0001306 121.6451 238.4847 14.21481340 15031
1 29499U 06044A   07034.10761506 -.00000074  00000-0 -13655-4 0  1020
2 29499  98.7237  95.5094 0001317 120.9759 239.1493 14.21480275 15111
1 29499U 06044A   07034.67072739 -.00000177  00000-0 -60620-4 0  1034
2 29499  98.7234  96.0657 0001338 120.7286 239.4015 14.21479815 15194
1 29499U 06044A   07035.37461696 -.00000156  00000-0 -51397-4 0  1034
2 29499  98.7230  96.7614 0001354 118.3942 241.7384 14.21479817 15298
1 29499U 06044A   07035.86733924 -.00000082  00000-0 -17370-4 0  1046
2 29499  98.7224  97.2480 0001372 118.4156 241.7169 14.21480004 15365
1 29499U 06044A   07036.57122751  .00000080  00000-0  56801-4 0  1043
2 29499  98.7222  97.9435 0001377 117.8020 242.3315 14.21481010 15467
1 29499U 06044A   07037.48628256  .00000175  00000-0  99981-4 0  1068
2 29499  98.7217  98.8478 0001323 112.4203 247.7130 14.21481686 15590
1 29499U 06044A   07037.97900407  .00000129  00000-0  79191-4 0  1052
2 29499  98.7219  99.3349 0001333 111.2693 248.8599 14.21481468 15663
1 29499U 06044A   07038.82367099 -.00000076  00000-0 -14883-4 0  1073
2 29499  98.7215 100.1693 0001337 112.0668 248.0625 14.21480585 15781
1 29499U 06044A   07039.24600485 -.00000104  00000-0 -27577-4 0  1064
2 29499  98.7210 100.5866 0001333 111.7042 248.4282 14.21480500 15847
1 29499U 06044A   07040.44261593 -.00000083  00000-0 -17665-4 0  1075
2 29499  98.7210 101.7690 0001317 110.2299 249.9038 14.21480599 16018
1 29499U 06044A   07040.79456003  .00000024  00000-0  31203-4 0  1083
2 29499  98.7206 102.1159 0001279 111.0729 249.0618 14.21481165 16062
1 29499U 06044A   07041.70961431  .00000117  00000-0  73440-4 0  1117
2 29499  98.7210 103.0208 0001313 109.7576 250.3742 14.21481723 16192
1 29499U 06044A   07041.99116967  .00000105  00000-0  68112-4 0  1098
2 29499  98.7211 103.2989 0001369 109.8560 250.2749 14.21481626 16239
1 29499U 06044A   07042.69505794  .00000032  00000-0  34467-4 0  1114
2 29499  98.7209 103.9945 0001334 110.8492 249.2819 14.21481592 16332
1 29499U 06044A   07043.04700231  .00000000  00000-0  20167-4 0  1103
2 29499  98.7209 104.3424 0001371 111.2172 248.9135 14.21481370 16386
1 29499U 06044A   07043.68050248 -.00000127  00000-0 -38126-4 0  1127
2 29499  98.7206 104.9685 0001369 111.0838 249.0484 14.21480858 16471
1 29499U 06044A   07044.10283578 -.00000101  00000-0 -26047-4 0  1119
2 29499  98.7207 105.3858 0001381 110.6657 249.4667 14.21480842 16534
1 29499U 06044A   07044.73633594 -.00000179  00000-0 -61559-4 0  1139
2 29499  98.7207 106.0120 0001419 109.8617 250.2717 14.21480447 16629
1 29499U 06044A   07045.36983590 -.00000076  00000-0 -14546-4 0  1122
2 29499  98.7205 106.6377 0001425 110.3519 249.7833 14.21480813 16711
1 29499U 06044A   07045.72177990 -.00000062  00000-0 -84969-5 0  1134
2 29499  98.7205 106.9854 0001445 108.9349 251.1994 14.21480955 16767
1 29499U 06044A   07046.70722294  .00000105  00000-0  68179-4 0  1136
2 29499  98.7207 107.9595 0001433 106.4881 253.6455 14.21481962 16907
1 29499U 06044A   07047.69266642  .00000025  00000-0  31469-4 0  1161
2 29499  98.7202 108.9329 0001404 103.8002 256.3317 14.21481811 17048
1 29499U 06044A   07048.04461086  .00000002  00000-0  20985-4 0  1144
2 29499  98.7201 109.2804 0001449 103.3493 256.7824 14.21481580 17092
1 29499U 06044A   07048.67811068 -.00000101  00000-0 -26182-4 0  1161
2 29499  98.7206 109.9066 0001430 102.4476 257.6855 14.21481282 17188
1 29499U 06044A   07049.38199963 -.00000106  00000-0 -28460-4 0  1158
2 29499  98.7198 110.6018 0001435 102.1612 257.9739 14.21481175 17284
1 29499U 06044A   07049.80433256 -.00000170  00000-0 -57639-4 0  1163
2 29499  98.7204 111.0193 0001450 102.2853 257.8479 14.21480806 17343
1 29499U 06044A   07050.78977599  .00000050  00000-0  42922-4 0  1169
2 29499  98.7195 111.9927 0001441  99.0325 261.1028 14.21481959 17486
1 29499U 06044A   07051.91599584  .00000143  00000-0  85209-4 0  1178
2 29499  98.7196 113.1051 0001451 103.1928 256.9400 14.21482682 17644
1 29499U 06044A   07051.91599584  .00000143  00000-0  85209-4 0  1190
2 29499  98.7196 113.1051 0001451 103.1928 256.9400 14.21482682 17644
1 29499U 06044A   07052.76066130  .00000077  00000-0  55085-4 0  1195
2 29499  98.7191 113.9397 0001412 101.3978 258.7346 14.21482675 17766
1 29499U 06044A   07053.04221668  .00000003  00000-0  21342-4 0  1183
2 29499  98.7189 114.2177 0001434 102.7166 257.4145 14.21482204 17807
1 29499U 06044A   07053.74610528 -.00000161  00000-0 -53322-4 0  1200
2 29499  98.7184 114.9131 0001386 100.4235 259.7080 14.21481536 17908
1 29499U 06044A   07054.44999413 -.00000163  00000-0 -54521-4 0  1193
2 29499  98.7181 115.6084 0001401  97.9003 262.2340 14.21481464 18001
1 29499U 06044A   07055.71699250  .00000007  00000-0  23256-4 0  1208
2 29499  98.7179 116.8599 0001397  96.8369 263.2983 14.21482272 18180
1 29499U 06044A   07056.77282327  .00000100  00000-0  65955-4 0  1215
2 29499  98.7178 117.9029 0001361  98.3041 261.8281 14.21482991 18334
1 29499U 06044A   07057.40632267  .00000096  00000-0  64024-4 0  1230
2 29499  98.7174 118.5288 0001390  96.9471 263.1866 14.21483053 18421
1 29499U 06044A   07058.11021028 -.00000037  00000-0  30738-5 0  1227
2 29499  98.7174 119.2243 0001375  96.1698 263.9604 14.21482455 18520
1 29499U 06044A   07058.95487672 -.00000197  00000-0 -69910-4 0  1243
2 29499  98.7176 120.0583 0001384  96.5463 263.5847 14.21481533 18647
1 29499U 06044A   07059.30682145 -.00000206  00000-0 -74055-4 0  1231
2 29499  98.7173 120.4061 0001379  95.8007 264.3338 14.21481503 18695
1 29499U 06044A   07059.65876550 -.00000208  00000-0 -75087-4 0  1243
2 29499  98.7171 120.7535 0001384  94.8188 265.3155 14.21481468 18741
1 29499U 06044A   07060.50343113 -.00000012  00000-0  14567-4 0  1241
2 29499  98.7169 121.5874 0001363  93.5991 266.5370 14.21482330 18862
1 29499U 06044A   07061.84081660  .00000133  00000-0  80664-4 0  1250
2 29499  98.7164 122.9078 0001391  91.3178 268.8138 14.21483297 19054
1 29499U 06044A   07062.82625928  .00000114  00000-0  72348-4 0  1282
2 29499  98.7160 123.8810 0001359  91.2761 268.8568 14.21483573 19194
1 29499U 06044A   07063.10781433  .00000016  00000-0  27151-4 0  1269
2 29499  98.7159 124.1592 0001373  91.2673 268.8644 14.21483171 19235
1 29499U 06044A   07063.95248024 -.00000144  00000-0 -45940-4 0  1288
2 29499  98.7157 124.9932 0001361  91.3053 268.8261 14.21482296 19354
1 29499U 06044A   07064.30442467 -.00000161  00000-0 -53750-4 0  1271
2 29499  98.7156 125.3410 0001347  90.4743 269.6596 14.21482232 19405
1 29499U 06044A   07064.65636860 -.00000134  00000-0 -41194-4 0  1281
2 29499  98.7157 125.6886 0001341  88.9747 271.1601 14.21482417 19451
1 29499U 06044A   07065.57142242  .00000041  00000-0  38564-4 0  1281
2 29499  98.7152 126.5922 0001331  89.2584 270.8785 14.21483330 19587
1 29499U 06044A   07066.83841907  .00000099  00000-0  65441-4 0  1316
2 29499  98.7149 127.8435 0001342  87.5251 272.6070 14.21483706 19764
1 29499U 06044A   07067.19036295  .00000124  00000-0  76796-4 0  1293
2 29499  98.7143 128.1912 0001342  85.6515 274.4821 14.21483956 19811
1 29499U 06044A   07067.61269520  .00000088  00000-0  60320-4 0  1306
2 29499  98.7144 128.6082 0001343  84.8864 275.2465 14.21483969 19877
1 29499U 06044A   07068.45736088 -.00000070  00000-0 -11811-4 0  1301
2 29499  98.7135 129.4419 0001346  83.2163 276.9173 14.21483253 19991
1 29499U 06044A   07068.87969336 -.00000142  00000-0 -44814-4 0  1311
2 29499  98.7134 129.8587 0001344  81.6143 278.5165 14.21482788 20058
1 29499U 06044A   07069.51319263 -.00000095  00000-0 -23382-4 0  1315
2 29499  98.7129 130.4838 0001343  79.3114 280.8218 14.21482991 20141
1 29499U 06044A   07070.56902384  .00000011  00000-0  24838-4 0  1328
2 29499  98.7128 131.5261 0001342  78.9911 281.1438 14.21483604 20297
1 29499U 06044A   07070.85057842  .00000041  00000-0  38767-4 0  1330
2 29499  98.7128 131.8043 0001358  76.2162 283.9161 14.21483710 20330
1 29499U 06044A   07071.76563145  .00000111  00000-0  70690-4 0  1338
2 29499  98.7128 132.7079 0001316  75.6014 284.5311 14.21484364 20466
1 29499U 06044A   07072.53990736  .00000047  00000-0  41568-4 0  1356
2 29499  98.7126 133.4725 0001315  77.5289 282.6026 14.21484156 20577
1 29499U 06044A   07073.03262857 -.00000064  00000-0 -92297-5 0  1344
2 29499  98.7126 133.9590 0001291  78.0440 282.0848 14.21483483 20646
1 29499U 06044A   07073.80690552 -.00000202  00000-0 -72255-4 0  1363
2 29499  98.7129 134.7240 0001294  76.3579 283.7729 14.21482847 20758
1 29499U 06044A   07074.22923849 -.00000151  00000-0 -49179-4 0  1359
2 29499  98.7129 135.1412 0001278  75.8864 284.2477 14.21483075 20814
1 29499U 06044A   07074.58118193 -.00000121  00000-0 -35215-4 0  1360
2 29499  98.7132 135.4888 0001290  75.4864 284.6469 14.21483228 20868
1 29499U 06044A   07075.35545754  .00000087  00000-0  60025-4 0  1369
2 29499  98.7133 136.2533 0001260  71.3309 288.8019 14.21484205 20976
1 29499U 06044A   07075.77778953  .00000101  00000-0  66056-4 0  1372
2 29499  98.7135 136.6703 0001281  71.0778 289.0541 14.21484388 21034
1 29499U 06044A   07076.55206482  .00000179  00000-0  10169-3 0  1370
2 29499  98.7127 137.4348 0001246  71.5638 288.5680 14.21485066 21144
1 29499U 06044A   07077.81906189 -.00000081  00000-0 -17200-4 0  1380
2 29499  98.7132 138.6863 0001212  68.9994 291.1290 14.21483866 21326
1 29499U 06044A   07078.66372753 -.00000177  00000-0 -60809-4 0  1400
2 29499  98.7135 139.5205 0001223  70.7384 289.3943 14.21483432 21441
1 29499U 06044A   07079.01567097 -.00000087  00000-0 -19611-4 0  1390
2 29499  98.7132 139.8678 0001207  70.3552 289.7765 14.21483703 21492
1 29499U 06044A   07079.78994639 -.00000021  00000-0  10522-4 0  1412
2 29499  98.7130 140.6323 0001196  69.7574 290.3735 14.21484107 21607
1 29499U 06044A   07080.21227866  .00000049  00000-0  42334-4 0  1407
2 29499  98.7130 141.0493 0001165  72.1361 287.9963 14.21484490 21664
1 29499U 06044A   07080.70499916  .00000089  00000-0  60534-4 0  1415
2 29499  98.7130 141.5357 0001165  71.5635 288.5687 14.21484882 21738
1 29499U 06044A   07081.40888544  .00000161  00000-0  93510-4 0  1413
2 29499  98.7124 142.2308 0001175  69.8473 290.2831 14.21485395 21838
1 29499U 06044A   07081.83121735  .00000095  00000-0  63664-4 0  1426
2 29499  98.7126 142.6480 0001146  69.8370 290.2921 14.21485204 21894
1 29499U 06044A   07082.46471620 -.00000073  00000-0 -13210-4 0  1427
2 29499  98.7121 143.2734 0001184  69.8859 290.2438 14.21484438 21983
1 29499U 06044A   07082.81665988 -.00000128  00000-0 -38697-4 0  1436
2 29499  98.7120 143.6207 0001163  68.5433 291.5858 14.21484111 22037
1 29499U 06044A   07083.87249098 -.00000240  00000-0 -89670-4 0  1435
2 29499  98.7112 144.6628 0001133  68.1286 291.9998 14.21483378 22184
1 29499U 06044A   07084.78754427 -.00000063  00000-0 -87897-5 0  1469
2 29499  98.7111 145.5660 0001147  66.2087 293.9227 14.21484211 22311
1 29499U 06044A   07085.13948752  .00000088  00000-0  60215-4 0  1442
2 29499  98.7108 145.9135 0001107  66.2593 293.8734 14.21484982 22368
1 29499U 06044A   07085.63220759  .00000144  00000-0  85627-4 0  1455
2 29499  98.7107 146.3997 0001101  65.2200 294.9111 14.21485477 22435
1 29499U 06044A   07086.47687126  .00000173  00000-0  98902-4 0  1455
2 29499  98.7104 147.2334 0001055  65.5596 294.5699 14.21485777 22559
1 29499U 06044A   07087.88464517 -.00000180  00000-0 -62133-4 0  1466
2 29499  98.7108 148.6236 0000986  70.2276 289.8981 14.21484091 22750
1 29499U 06044A   07087.88464517 -.00000180  00000-0 -62133-4 0  1488
2 29499  98.7108 148.6236 0000986  70.2276 289.8981 14.21484091 22750
1 29499U 06044A   07088.65892131 -.00000147  00000-0 -47219-4 0  1482
2 29499  98.7107 149.3877 0001008  66.7492 293.3805 14.21484344 22862
1 29499U 06044A   07089.08125332 -.00000089  00000-0 -20577-4 0  1474
2 29499  98.7108 149.8045 0001011  66.4131 293.7151 14.21484423 22929
1 29499U 06044A   07089.85552836  .00000056  00000-0  45658-4 0  1493
2 29499  98.7107 150.5687 0001012  64.3535 295.7751 14.21485241 23035
1 29499U 06044A   07090.20747159  .00000191  00000-0  10749-3 0  1489
2 29499  98.7103 150.9159 0000946  66.4815 293.6498 14.21486027 23081
1 29499U 06044A   07090.91135691  .00000110  00000-0  70360-4 0  1509
2 29499  98.7106 151.6104 0000987  65.0533 295.0706 14.21485791 23185
1 29499U 06044A   07091.33368954  .00000084  00000-0  58602-4 0  1499
2 29499  98.7105 152.0275 0000985  63.7497 296.3786 14.21485868 23244
1 29499U 06044A   07091.75602126  .00000010  00000-0  24730-4 0  1503
2 29499  98.7108 152.4444 0000965  61.8940 298.2322 14.21485579 23302
1 29499U 06044A   07092.53029692 -.00000116  00000-0 -32788-4 0  1502
2 29499  98.7108 153.2087 0000966  65.4273 294.6998 14.21485023 23419
1 29499U 06044A   07093.58612715 -.00000104  00000-0 -27382-4 0  1514
2 29499  98.7107 154.2509 0000914  67.2218 292.9073 14.21485055 23566
1 29499U 06044A   07094.50117956  .00000076  00000-0  54802-4 0  1539
2 29499  98.7108 155.1539 0000881  67.9854 292.1457 14.21485938 23698
1 29499U 06044A   07095.06428780  .00000134  00000-0  81496-4 0  1524
2 29499  98.7107 155.7096 0000888  67.0307 293.0964 14.21486264 23777
1 29499U 06044A   07095.34584225  .00000190  00000-0  10704-3 0  1538
2 29499  98.7103 155.9878 0000845  69.2419 290.8872 14.21486706 23813
1 29499U 06044A   07097.73905309 -.00000146  00000-0 -46785-4 0  1535
2 29499  98.7090 158.3493 0000737  57.6683 302.4419 14.21485405 24152
1 29499U 06044A   07097.73905309 -.00000146  00000-0 -46785-4 0  1546
2 29499  98.7090 158.3493 0000737  57.6683 302.4419 14.21485405 24152
1 29499U 06044A   07098.79488632 -.00000128  00000-0 -38355-4 0  1542
2 29499  98.7092 159.3914 0000742  69.3364 290.7924 14.21485297 24301
1 29499U 06044A   07099.92110246  .00000092  00000-0  62179-4 0  1551
2 29499  98.7094 160.5030 0000677  71.5122 288.6112 14.21486545 24469
1 29499U 06044A   07099.92110246  .00000092  00000-0  62179-4 0  1573
2 29499  98.7094 160.5030 0000677  71.5122 288.6112 14.21486545 24469
1 29499U 06044A   07100.83615372  .00000081  00000-0  57054-4 0  1570
2 29499  98.7090 161.4062 0000609  74.5678 285.5538 14.21486780 24597
1 29499U 06044A   07101.11770865  .00000025  00000-0  31562-4 0  1564
2 29499  98.7088 161.6841 0000600  76.1428 283.9816 14.21486667 24633
1 29499U 06044A   07101.46965165  .00000045  00000-0  40373-4 0  1574
2 29499  98.7087 162.0313 0000612  74.1369 285.9876 14.21486797 24683
1 29499U 06044A   07102.52548156 -.00000169  00000-0 -57088-4 0  1579
2 29499  98.7084 163.0729 0000641  76.0910 284.0334 14.21485716 24833
1 29499U 06044A   07102.87742491 -.00000201  00000-0 -72037-4 0  1584
2 29499  98.7083 163.4201 0000632  78.1521 281.9723 14.21485448 24887
1 29499U 06044A   07103.79247673 -.00000052  00000-0 -38579-5 0  1586
2 29499  98.7087 164.3231 0000615  84.6087 275.5173 14.21486172 25013
1 29499U 06044A   07104.63713954  .00000129  00000-0  79005-4 0  1604
2 29499  98.7078 165.1562 0000601  74.5369 285.5897 14.21487231 25139
1 29499U 06044A   07104.98908196  .00000129  00000-0  78896-4 0  1591
2 29499  98.7080 165.5035 0000621  79.9154 280.2074 14.21487140 25187
1 29499U 06044A   07105.83374526  .00000024  00000-0  30764-4 0  1619
2 29499  98.7081 166.3371 0000618  85.6861 274.4372 14.21486793 25308
1 29499U 06044A   07106.53763143 -.00000030  00000-0  63564-5 0  1606
2 29499  98.7080 167.0318 0000623  89.7061 270.4190 14.21486729 25403
1 29499U 06044A   07106.81918577 -.00000029  00000-0  69432-5 0  1619
2 29499  98.7080 167.3095 0000603  93.2364 266.8889 14.21486752 25446
1 29499U 06044A   07107.80462614 -.00000083  00000-0 -17931-4 0  1645
2 29499  98.7080 168.2818 0000601  91.6946 268.4292 14.21486448 25588
1 29499U 06044A   07108.22695799 -.00000047  00000-0 -15286-5 0  1613
2 29499  98.7078 168.6984 0000592  88.6816 271.4437 14.21486611 25648
1 29499U 06044A   07108.57890087 -.00000006  00000-0  17335-4 0  1629
2 29499  98.7078 169.0456 0000601  89.2518 270.8747 14.21486929 25698
1 29499U 06044A   07109.28278664  .00000059  00000-0  47100-4 0  1629
2 29499  98.7075 169.7400 0000582  86.5328 273.5929 14.21487199 25791
1 29499U 06044A   07109.70513278  .00000064  00000-0  29222-4 0  1631
2 29499  98.6993 170.1627 0001851  91.7075 268.4797 14.21470930 25851
1 29499U 06044A   07109.77550641 -.00000003  00000-0  18665-4 0  1636
2 29499  98.7075 170.2262 0000575  82.8689 277.2545 14.21487004 25863
1 29499U 06044A   07110.40900465 -.00000080  00000-0 -16624-4 0  1641
2 29499  98.7073 170.8517 0000660  85.4024 274.7228 14.21486480 25954
1 29499U 06044A   07110.83133635  .00000006  00000-0  22631-4 0  1657
2 29499  98.7069 171.2686 0000725  92.8036 267.3253 14.21486966 26011
1 29499U 06044A   07111.74638680  .00000197  00000-0  11008-3 0  1654
2 29499  98.7063 172.1715 0000812  94.4923 265.6368 14.21488240 26147
1 29499U 06044A   07112.80221401  .00000216  00000-0  11882-3 0  1664
2 29499  98.7063 173.2134 0000889  99.4175 260.7091 14.21488693 26299
1 29499U 06044A   07113.92842962  .00000299  00000-0  15670-3 0  1670
2 29499  98.7066 174.3247 0000948  99.0787 261.0485 14.21489628 26458
1 29499U 06044A   07113.92842962  .00000299  00000-0  15670-3 0  1692
2 29499  98.7066 174.3247 0000948  99.0787 261.0485 14.21489628 26458
1 29499U 06044A   07114.70270325  .00000095  00000-0  63475-4 0  1698
2 29499  98.7066 175.0889 0000974  96.3787 263.7497 14.21489228 26567
1 29499U 06044A   07115.05464571  .00000113  00000-0  71499-4 0  1680
2 29499  98.7066 175.4361 0001003  99.3318 260.7965 14.21489273 26616
1 29499U 06044A   07115.89930713 -.00000001  00000-0  19537-4 0  1703
2 29499  98.7067 176.2700 0000974 100.0120 260.1125 14.21488819 26730
1 29499U 06044A   07116.25125044 -.00000053  00000-0 -43345-5 0  1698
2 29499  98.7064 176.6172 0000993 100.6527 259.4762 14.21488673 26783
1 29499U 06044A   07116.67358149 -.00000180  00000-0 -62073-4 0  1709
2 29499  98.7067 177.0341 0000960 101.1349 258.9927 14.21488101 26841
1 29499U 06044A   07117.37746704 -.00000152  00000-0 -49406-4 0  1709
2 29499  98.7065 177.7283 0000972  99.7571 260.3723 14.21488092 26944
1 29499U 06044A   07117.72940958 -.00000140  00000-0 -43773-4 0  1714
2 29499  98.7068 178.0756 0000979  97.8634 262.2665 14.21488167 26996
1 29499U 06044A   07118.71484780  .00000105  00000-0  67827-4 0  1715
2 29499  98.7069 179.0479 0000978  97.3358 262.7947 14.21489428 27133
1 29499U 06044A   07119.70028574  .00000125  00000-0  76933-4 0  1743
2 29499  98.7067 180.0200 0000971  98.1582 261.9703 14.21489824 27272
1 29499U 06044A   07119.98183957  .00000134  00000-0  81139-4 0  1722
2 29499  98.7069 180.2976 0001008  98.7116 261.4161 14.21489807 27316
1 29499U 06044A   07120.68572444 -.00000035  00000-0  42151-5 0  1749
2 29499  98.7064 180.9919 0000993  97.6858 262.4422 14.21489297 27413
1 29499U 06044A   07121.10805550 -.00000044  00000-0 -12072-6 0  1734
2 29499  98.7064 181.4086 0001004  95.1899 264.9388 14.21489261 27471
1 29499U 06044A   07121.95271772 -.00000146  00000-0 -46628-4 0  1757
2 29499  98.7063 182.2415 0000978  94.8343 265.2938 14.21488609 27597
1 29499U 06044A   07122.23427191 -.00000133  00000-0 -40609-4 0  1745
2 29499  98.7063 182.5193 0000971  90.7539 269.3759 14.21488718 27630
1 29499U 06044A   07122.79737977 -.00000111  00000-0 -30678-4 0  1754
2 29499  98.7061 183.0745 0000993  92.6931 267.4375 14.21488804 27716
1 29499U 06044A   07123.50126364  .00000003  00000-0  21404-4 0  1751
2 29499  98.7058 183.7686 0000931  91.0229 269.1050 14.21489407 27818
1 29499U 06044A   07123.92359456  .00000099  00000-0  65227-4 0  1764
2 29499  98.7058 184.1851 0000934  91.0588 269.0710 14.21489875 27875
1 29499U 06044A   07124.34592497  .00000180  00000-0  10216-3 0  1774
2 29499  98.7054 184.6020 0000904  92.9319 267.1986 14.21490429 27931
1 29499U 06044A   07125.12019702  .00000074  00000-0  53606-4 0  1766
2 29499  98.7049 185.3657 0000875  93.4072 266.7184 14.21490163 28041
1 29499U 06044A   07125.82408181 -.00000020  00000-0  10947-4 0  1781
2 29499  98.7047 186.0600 0000846  93.2317 266.8949 14.21489862 28148
1 29499U 06044A   07126.17602420 -.00000076  00000-0 -14842-4 0  1771
2 29499  98.7047 186.4075 0000852  94.8545 265.2727 14.21489644 28195
1 29499U 06044A   07126.80952032 -.00000081  00000-0 -16887-4 0  1797
2 29499  98.7048 187.0322 0000865  94.9404 265.1864 14.21489528 28289
1 29499U 06044A   07127.51340489 -.00000049  00000-0 -24738-5 0  1781
2 29499  98.7043 187.7265 0000848  94.1993 265.9284 14.21489710 28381
1 29499U 06044A   07128.21728931  .00000002  00000-0  20776-4 0  1796
2 29499  98.7042 188.4210 0000863  95.5638 264.5650 14.21490007 28480
1 29499U 06044A   07128.56923128  .00000087  00000-0  59548-4 0  1803
2 29499  98.7045 188.7681 0000866  92.3309 267.7988 14.21490533 28530
1 29499U 06044A   07129.34350311  .00000150  00000-0  88752-4 0  1808
2 29499  98.7043 189.5323 0000880  96.1596 263.9678 14.21490994 28643
1 29499U 06044A   07129.90661030  .00000082  00000-0  57419-4 0  1814
2 29499  98.7046 190.0878 0000884  94.1056 266.0199 14.21490745 28726
1 29499U 06044A   07130.61049495  .00000048  00000-0  41845-4 0  1817
2 29499  98.7044 190.7821 0000913  96.5605 263.5683 14.21490759 28824
1 29499U 06044A   07131.38476799 -.00000183  00000-0 -63734-4 0  1838
2 29499  98.7035 191.5457 0000939  97.0917 263.0353 14.21489641 28937
1 29499U 06044A   07132.01826444 -.00000205  00000-0 -73492-4 0  1821
2 29499  98.7036 192.1704 0000937  97.2957 262.8325 14.21489347 29024
1 29499U 06044A   07132.72214862 -.00000041  00000-0  14746-5 0  1841
2 29499  98.7034 192.8647 0000954  94.5772 265.5535 14.21490191 29122
1 29499U 06044A   07133.35564385  .00000117  00000-0  73313-4 0  1835
2 29499  98.7037 193.4896 0000925  99.8489 260.2821 14.21491001 29210
1 29499U 06044A   07133.70758525  .00000112  00000-0  71286-4 0  1848
2 29499  98.7041 193.8369 0000953 100.4579 259.6710 14.21491122 29262
1 29499U 06044A   07134.69302247  .00000079  00000-0  56228-4 0  1844
2 29499  98.7045 194.8092 0000940  99.9350 260.1925 14.21491210 29404
1 29499U 06044A   07135.81923743 -.00000140  00000-0 -44077-4 0  1850
2 29499  98.7048 195.9202 0000958 100.3829 259.7443 14.21490206 29569
1 29499U 06044A   07136.73428730 -.00000181  00000-0 -62933-4 0  1887
2 29499  98.7045 196.8225 0000988 100.0850 260.0435 14.21489888 29699
1 29499U 06044A   07137.15661807 -.00000118  00000-0 -33925-4 0  1865
2 29499  98.7047 197.2390 0000972  99.5764 260.5542 14.21490134 29755
1 29499U 06044A   07137.36778303 -.00000107  00000-0 -28840-4 0  1877
2 29499  98.7045 197.4472 0000973  99.4668 260.6621 14.21490151 29780
1 29499U 06044A   07138.49399712  .00000121  00000-0  75460-4 0  1879
2 29499  98.7046 198.5582 0001005 100.3774 259.7547 14.21491434 29941
1 29499U 06044A   07138.77555001  .00000164  00000-0  95024-4 0  1881
2 29499  98.7047 198.8361 0001027  98.9175 261.2122 14.21491721 29981
1 29499U 06044A   07139.83137483  .00000087  00000-0  59924-4 0  1882
2 29499  98.7044 199.8776 0001010 100.3563 259.7697 14.21491670 30131
1 29499U 06044A   07140.74642439 -.00000128  00000-0 -38338-4 0  1914
2 29499  98.7041 200.7804 0001005 100.9548 259.1722 14.21490782 30265
1 29499U 06044A   07141.23914363 -.00000168  00000-0 -56978-4 0  1898
2 29499  98.7037 201.2664 0001013  99.7444 260.3848 14.21490586 30332
1 29499U 06044A   07141.52069730 -.00000159  00000-0 -52791-4 0  1900
2 29499  98.7037 201.5441 0001017  99.2913 260.8386 14.21490615 30377
1 29499U 06044A   07142.36535778 -.00000041  00000-0  10748-5 0  1909
2 29499  98.7033 202.3770 0001005 100.5248 259.6063 14.21491136 30491
1 29499U 06044A   07142.71729931  .00000016  00000-0  27390-4 0  1916
2 29499  98.7032 202.7240 0000995  99.2799 260.8507 14.21491469 30540
1 29499U 06044A   07143.84351183  .00000130  00000-0  79507-4 0  1915
2 29499  98.7033 203.8349 0001015 101.8872 258.2402 14.21492248 30708
1 29499U 06044A   07144.82894903  .00000043  00000-0  39694-4 0  1945
2 29499  98.7029 204.8068 0001006 100.0910 260.0373 14.21492064 30845
1 29499U 06044A   07145.11050253 -.00000011  00000-0  14788-4 0  1921
2 29499  98.7028 205.0845 0001029  99.2130 260.9158 14.21491907 30887
1 29499U 06044A   07145.81438648 -.00000137  00000-0 -42590-4 0  1940
2 29499  98.7028 205.7788 0001022  99.3848 260.7431 14.21491191 30988
1 29499U 06044A   07146.44788223 -.00000130  00000-0 -39602-4 0  1939
2 29499  98.7028 206.4036 0001052 100.2902 259.8404 14.21491192 31079
1 29499U 06044A   07146.72943557 -.00000105  00000-0 -28174-4 0  1948
2 29499  98.7031 206.6814 0001063  99.2910 260.8395 14.21491307 31111
1 29499U 06044A   07147.85564866  .00000096  00000-0  64087-4 0  1945
2 29499  98.7039 207.7923 0001069  96.0866 264.0448 14.21492376 31272
1 29499U 06044A   07148.84108447  .00000131  00000-0  80056-4 0  1971
2 29499  98.7043 208.7647 0001063  95.1179 265.0110 14.21492802 31419
1 29499U 06044A   07149.12263786  .00000125  00000-0  77218-4 0  1958
2 29499  98.7041 209.0425 0001082  95.5943 264.5356 14.21492868 31451
1 29499U 06044A   07149.89690933 -.00000015  00000-0  13093-4 0  1972
2 29499  98.7044 209.8060 0001069  95.9555 264.1722 14.21492291 31560
1 29499U 06044A   07150.17846307 -.00000099  00000-0 -25174-4 0  1968
2 29499  98.7041 210.0837 0001087  95.5637 264.5656 14.21491990 31600
1 29499U 06044A   07150.95273503 -.00000178  00000-0 -61315-4 0  1983
2 29499  98.7045 210.8472 0001067  95.6048 264.5233 14.21491406 31717
1 29499U 06044A   07151.23428888 -.00000162  00000-0 -53998-4 0  1973
2 29499  98.7046 211.1248 0001066  94.7025 265.4287 14.21491516 31752
1 29499U 06044A   07151.79740438  .00000051  00000-0  23520-4 0  2000
2 29499  98.7047 211.6796 0001043  89.2157 270.9627 14.21492467 31830
1 29499U 06044A   07151.93817205 -.00000098  00000-0 -24936-4 0  1995
2 29499  98.7049 211.8191 0001096  94.9256 265.2049 14.21491694 31852
1 29499U 06044A   07152.29011380  .00000005  00000-0  22510-4 0  2011
2 29499  98.7045 212.1662 0001064  95.8489 264.2841 14.21492248 31909
1 29499U 06044A   07152.57166651  .00000023  00000-0  30736-4 0  2024
2 29499  98.7046 212.4438 0001068  96.5692 263.5618 14.21492422 31944
1 29499U 06044A   07153.41632574  .00000144  00000-0  85807-4 0  2023
2 29499  98.7043 213.2770 0001074  98.2492 261.8813 14.21493141 32064
1 29499U 06044A   07154.61292665  .00000081  00000-0  57129-4 0  2036
2 29499  98.7040 214.4569 0001101 102.1605 257.9696 14.21493144 32239
1 29499U 06044A   07155.45758680 -.00000106  00000-0 -28558-4 0  2060
2 29499  98.7038 215.2902 0001096 100.2557 259.8737 14.21492286 32350
1 29499U 06044A   07156.02069360 -.00000102  00000-0 -26827-4 0  2045
2 29499  98.7037 215.8454 0001100  98.3058 261.8240 14.21492193 32434
1 29499U 06044A   07156.72457666 -.00000083  00000-0 -17789-4 0  2069
2 29499  98.7032 216.5395 0001095  99.8329 260.2981 14.21492394 32530
1 29499U 06044A   07157.35807131  .00000054  00000-0  44773-4 0  2053
2 29499  98.7032 217.1643 0001075  94.7612 265.3713 14.21493125 32622
1 29499U 06044A   07157.85078883  .00000087  00000-0  59947-4 0  2068
2 29499  98.7033 217.6502 0001093  93.5541 266.5769 14.21493411 32699
1 29499U 06044A   07158.34350634  .00000156  00000-0  91077-4 0  2089
2 29499  98.7029 218.1364 0001098  94.1507 265.9794 14.21493851 32767
1 29499U 06044A   07158.97700060  .00000101  00000-0  65941-4 0  2069
2 29499  98.7029 218.7612 0001103  91.9150 268.2128 14.21493656 32855
1 29499U 06044A   07159.89204864 -.00000042  00000-0  86874-6 0  2089
2 29499  98.7027 219.6637 0001104  89.7615 270.3671 14.21493166 32989
1 29499U 06044A   07160.10321384 -.00000109  00000-0 -29879-4 0  2076
2 29499  98.7026 219.8720 0001113  89.5666 270.5632 14.21492898 33012
1 29499U 06044A   07160.80709712 -.00000159  00000-0 -52677-4 0  2097
2 29499  98.7023 220.5658 0001127  89.0997 271.0302 14.21492510 33117
1 29499U 06044A   07161.37020353 -.00000107  00000-0 -28827-4 0  2089
2 29499  98.7022 221.1209 0001108  88.1053 272.0259 14.21492762 33196
1 29499U 06044A   07161.79253322 -.00000009  00000-0  15738-4 0  2097
2 29499  98.7023 221.5374 0001142  86.9130 273.2199 14.21493260 33251
1 29499U 06044A   07162.84835621  .00000053  00000-0  44260-4 0  2092
2 29499  98.7028 222.5789 0001114  89.3487 270.7806 14.21493692 33401
1 29499U 06044A   07163.55223857  .00000127  00000-0  77810-4 0  2115
2 29499  98.7029 223.2729 0001092  89.9286 270.2024 14.21494303 33500
1 29499U 06044A   07163.97456779  .00000055  00000-0  45200-4 0  2109
2 29499  98.7031 223.6896 0001084  90.8611 269.2667 14.21493938 33566
1 29499U 06044A   07164.67845111 -.00000082  00000-0 -17639-4 0  2128
2 29499  98.7033 224.3839 0001070  89.2430 270.8872 14.21493406 33666
1 29499U 06044A   07165.45272277 -.00000187  00000-0 -65646-4 0  2118
2 29499  98.7033 225.1474 0001071  88.9836 271.1464 14.21492674 33776
1 29499U 06044A   07165.80466432 -.00000171  00000-0 -58082-4 0  2125
2 29499  98.7037 225.4947 0001097  90.3965 269.7347 14.21492689 33821
1 29499U 06044A   07166.79009981  .00000006  00000-0  22642-4 0  2124
2 29499  98.7040 226.4665 0001116  89.8254 270.3081 14.21493640 33965
1 29499U 06044A   07167.77553403  .00000181  00000-0  10290-3 0  2158
2 29499  98.7039 227.4384 0001116  90.3828 269.7479 14.21494690 34102
1 29499U 06044A   07168.05708683  .00000203  00000-0  11272-3 0  2136
2 29499  98.7037 227.7160 0001140  89.9887 270.1419 14.21494893 34140
1 29499U 06044A   07168.83135703  .00000097  00000-0  64133-4 0  2157
2 29499  98.7036 228.4798 0001127  91.5647 268.5639 14.21494611 34257
1 29499U 06044A   07169.11291028  .00000015  00000-0  27022-4 0  2147
2 29499  98.7033 228.7575 0001142  91.3820 268.7478 14.21494348 34292
1 29499U 06044A   07170.16873451 -.00000151  00000-0 -49210-4 0  2157
2 29499  98.7028 229.7985 0001136  91.7021 268.4282 14.21493509 34447
1 29499U 06044A   07170.80222916 -.00000146  00000-0 -46610-4 0  2179
2 29499  98.7026 230.4231 0001162  91.3911 268.7406 14.21493418 34531
1 29499U 06044A   07171.78766400 -.00000035  00000-0  40506-5 0  2173
2 29499  98.7025 231.3948 0001174  92.6369 267.4944 14.21493996 34678
1 29499U 06044A   07172.84348631  .00000157  00000-0  91775-4 0  2181
2 29499  98.7024 232.4360 0001158  92.0181 268.1123 14.21495184 34820
1 29499U 06044A   07173.54736841  .00000146  00000-0  86823-4 0  2189
2 29499  98.7019 233.1302 0001171  93.1423 266.9890 14.21495351 34928
1 29499U 06044A   07174.67358055 -.00000137  00000-0 -42756-4 0  2191
2 29499  98.7019 234.2413 0001147  91.9281 268.2027 14.21494075 35081
1 29499U 06044A   07175.72940446 -.00000161  00000-0 -53692-4 0  2209
2 29499  98.7020 235.2823 0001159  92.5457 267.5857 14.21493718 35237
1 29499U 06044A   07176.78522742  .00000063  00000-0  48752-4 0  2212
2 29499  98.7024 236.3234 0001161  88.4469 271.6858 14.21494821 35388
1 29499U 06044A   07177.77066099  .00000151  00000-0  89216-4 0  2241
2 29499  98.7024 237.2951 0001127  90.2341 269.8962 14.21495632 35528
1 29499U 06044A   07178.05221370  .00000158  00000-0  92002-4 0  2220
2 29499  98.7023 237.5726 0001145  91.9237 268.2065 14.21495662 35566
1 29499U 06044A   07178.89687214 -.00000008  00000-0  16216-4 0  2245
2 29499  98.7026 238.4057 0001147  94.4720 265.6567 14.21494947 35689
1 29499U 06044A   07179.17842534 -.00000126  00000-0 -37490-4 0  2233
2 29499  98.7026 238.6833 0001190  95.0478 265.0818 14.21494449 35723
1 29499U 06044A   07179.88230809 -.00000260  00000-0 -98743-4 0  2256
2 29499  98.7029 239.3772 0001148  91.3417 268.7870 14.21493579 35823
1 29499U 06044A   07180.23424987 -.00000241  00000-0 -90165-4 0  2247
2 29499  98.7028 239.7241 0001143  91.7626 268.3702 14.21493666 35870
1 29499U 06044A   07180.51580254 -.00000222  00000-0 -81490-4 0  2259
2 29499  98.7030 240.0017 0001166  92.6339 267.4979 14.21493685 35917
1 29499U 06044A   07181.36046083  .00000025  00000-0  31549-4 0  2259
2 29499  98.7031 240.8347 0001177  92.5148 267.6195 14.21494834 36034
1 29499U 06044A   07181.78278944  .00000099  00000-0  65390-4 0  2261
2 29499  98.7031 241.2511 0001211  92.0064 268.1264 14.21495261 36097
1 29499U 06044A   07182.48667070  .00000208  00000-0  11483-3 0  2266
2 29499  98.7030 241.9454 0001179  93.1132 267.0194 14.21496020 36195
1 29499U 06044A   07182.83861114  .00000138  00000-0  83167-4 0  2272
2 29499  98.7029 242.2924 0001177  93.3412 266.7885 14.21495788 36249
1 29499U 06044A   07183.82404614 -.00000074  00000-0 -13713-4 0  2271
2 29499  98.7025 243.2641 0001172  95.7725 264.3567 14.21494863 36389
1 29499U 06044A   07184.80948137 -.00000114  00000-0 -32292-4 0  2305
2 29499  98.7019 244.2357 0001168  93.0990 267.0325 14.21494707 36522
1 29499U 06044A   07185.16142237 -.00000092  00000-0 -22201-4 0  2283
2 29499  98.7018 244.5828 0001157  92.9041 267.2283 14.21494845 36573
1 29499U 06044A   07185.86530385 -.00000042  00000-0  88545-6 0  2307
2 29499  98.7014 245.2764 0001147  90.7789 269.3515 14.21495055 36676
1 29499U 06044A   07186.49879692  .00000120  00000-0  74766-4 0  2296
2 29499  98.7013 245.9010 0001109  90.9272 269.2041 14.21495995 36769
1 29499U 06044A   07186.78034933  .00000107  00000-0  69059-4 0  2305
2 29499  98.7015 246.1789 0001112  90.1393 269.9908 14.21495992 36808
1 29499U 06044A   07187.55461883  .00000165  00000-0  95612-4 0  2307
2 29499  98.7010 246.9423 0001119  90.7001 269.4311 14.21496546 36916
1 29499U 06044A   07187.90655930  .00000069  00000-0  51701-4 0  2319
2 29499  98.7013 247.2896 0001096  90.4593 269.6686 14.21496090 36960
1 29499U 06044A   07188.82160585 -.00000054  00000-0 -47928-5 0  2311
2 29499  98.7011 248.1921 0001086  90.2383 269.8906 14.21495572 37097
1 29499U 06044A   07189.73665261 -.00000200  00000-0 -71293-4 0  2340
2 29499  98.7012 249.0944 0001087  91.3923 268.7372 14.21494804 37223
1 29499U 06044A   07190.01820558 -.00000194  00000-0 -68513-4 0  2326
2 29499  98.7011 249.3719 0001089  90.2191 269.9114 14.21494774 37269
1 29499U 06044A   07190.58131068 -.00000089  00000-0 -20631-4 0  2332
2 29499  98.7011 249.9265 0001089  93.8295 266.3020 14.21495254 37345
1 29499U 06044A   07190.93325135 -.00000066  00000-0 -10192-4 0  2348
2 29499  98.7013 250.2741 0001111  91.9660 268.1645 14.21495326 37390
1 29499U 06044A   07191.91868483  .00000142  00000-0  84919-4 0  2346
2 29499  98.7018 251.2459 0001121  92.0014 268.1296 14.21496486 37534
1 29499U 06044A   07191.91868483  .00000142  00000-0  84919-4 0  2379
2 29499  98.7018 251.2459 0001121  92.0014 268.1296 14.21496486 37534
1 29499U 06044A   07192.97450631  .00000044  00000-0  40193-4 0  2353
2 29499  98.7025 252.2870 0001106  94.4366 265.6902 14.21496164 37684
1 29499U 06044A   07192.97450631  .00000044  00000-0  40193-4 0  2375
2 29499  98.7025 252.2870 0001106  94.4366 265.6902 14.21496164 37684
1 29499U 06044A   07193.67838867 -.00000145  00000-0 -46218-4 0  2372
2 29499  98.7027 252.9811 0001089  96.3071 263.8220 14.21495315 37783
1 29499U 06044A   07193.67840594  .00000034  00000-0  15650-4 0  2373
2 29499  98.7021 252.9795 0002761  67.3330 292.8625 14.21473133 37787
1 29499U 06044A   07194.03032979 -.00000267  00000-0 -10216-3 0  2387
2 29499  98.7031 253.3283 0001122  96.6353 263.4917 14.21494484 37831
1 29499U 06044A   07194.80460276 -.00000873  00000-0 -37889-3 0  2408
2 29499  98.7034 254.0916 0001121  96.7465 263.3770 14.21490567 37945
1 29499U 06044A   07195.15654627 -.00001054  00000-0 -46190-3 0  2397
2 29499  98.7032 254.4388 0001152  95.7906 264.3362 14.21489030 37999
1 29499U 06044A   07195.79004456 -.00001360  00000-0 -60184-3 0  2418
2 29499  98.7031 255.0631 0001168  95.6154 264.5143 14.21486212 38086
1 29499U 06044A   07196.35315354 -.00001145  00000-0 -50338-3 0  2403
2 29499  98.7029 255.6185 0001117  92.4093 267.7258 14.21486187 38166
1 29499U 06044A   07196.77548458 -.00001006  00000-0 -43993-3 0  2418
2 29499  98.7029 256.0349 0001178  92.7099 267.4246 14.21486069 38229
1 29499U 06044A   07197.47936880 -.00000550  00000-0 -23147-3 0  2418
2 29499  98.7028 256.7290 0001079  88.4105 271.7221 14.21487347 38322
1 29499U 06044A   07197.83131122 -.00000304  00000-0 -11879-3 0  2421
2 29499  98.7026 257.0760 0001172  86.4272 273.7067 14.21488170 38373
1 29499U 06044A   07198.53519519 -.00000023  00000-0  93857-5 0  2424
2 29499  98.7022 257.7702 0001124  86.1813 273.9499 14.21489165 38474
1 29499U 06044A   07198.88713749 -.00000093  00000-0 -22659-4 0  2433
2 29499  98.7019 258.1170 0001104  86.0715 274.0575 14.21488778 38524
1 29499U 06044A   07199.59102288 -.00000132  00000-0 -40331-4 0  2433
2 29499  98.7017 258.8109 0001106  84.8404 275.2910 14.21488671 38623
1 29499U 06044A   07200.71723871 -.00000015  00000-0  13043-4 0  2447
2 29499  98.7012 259.9213 0001104  80.7831 279.3489 14.21489147 38785
1 29499U 06044A   07200.71723871 -.00000015  00000-0  13043-4 0  2469
2 29499  98.7012 259.9213 0001104  80.7831 279.3489 14.21489147 38785
1 29499U 06044A   07201.77306464  .00000144  00000-0  85862-4 0  2450
2 29499  98.7011 260.9625 0001111  82.3646 277.7655 14.21490144 38936
1 29499U 06044A   07202.82889132  .00000026  00000-0  31868-4 0  2462
2 29499  98.7010 262.0034 0001082  83.3963 276.7322 14.21489808 39084
1 29499U 06044A   07203.81433042 -.00000172  00000-0 -58504-4 0  2490
2 29499  98.7007 262.9748 0001065  82.3417 277.7860 14.21488810 39221
1 29499U 06044A   07204.09588485 -.00000173  00000-0 -59281-4 0  2475
2 29499  98.7006 263.2524 0001056  81.5414 278.5891 14.21488813 39264
1 29499U 06044A   07204.79976967 -.00000140  00000-0 -44002-4 0  2499
2 29499  98.7005 263.9463 0001089  83.9983 276.1329 14.21488889 39369
1 29499U 06044A   07205.15171196 -.00000073  00000-0 -13482-4 0  2483
2 29499  98.7002 264.2931 0001066  81.7607 278.3711 14.21489229 39418
1 29499U 06044A   07205.85559631 -.00000001  00000-0  19466-4 0  2505
2 29499  98.7006 264.9869 0001083  80.5350 279.5954 14.21489518 39514
1 29499U 06044A   07206.48909164  .00000148  00000-0  87731-4 0  2494
2 29499  98.7005 265.6112 0001040  81.6427 278.4874 14.21490436 39602
1 29499U 06044A   07206.84103364  .00000132  00000-0  80403-4 0  2506
2 29499  98.7007 265.9584 0001044  81.1605 278.9683 14.21490434 39653
1 29499U 06044A   07207.75608363 -.00000010  00000-0  15546-4 0  2508
2 29499  98.7012 266.8605 0001030  80.2725 279.8556 14.21489905 39785
1 29499U 06044A   07208.74152278 -.00000195  00000-0 -69059-4 0  2533
2 29499  98.7012 267.8321 0001063  83.0173 277.1115 14.21488919 39927
1 29499U 06044A   07209.09346548 -.00000191  00000-0 -67401-4 0  2510
2 29499  98.7017 268.1790 0001060  83.3004 276.8296 14.21488830 39972
1 29499U 06044A   07209.72696152 -.00000146  00000-0 -46601-4 0  2530
2 29499  98.7017 268.8033 0001057  80.3889 279.7412 14.21489066 40069
1 29499U 06044A   07210.36045742  .00000001  00000-0  20584-4 0  2524
2 29499  98.7017 269.4280 0001014  85.6275 274.5045 14.21489775 40152
1 29499U 06044A   07210.78278762  .00000080  00000-0  56656-4 0  2537
2 29499  98.7019 269.8444 0001061  82.1694 277.9613 14.21490223 40214
1 29499U 06044A   07211.76822525  .00000084  00000-0  58277-4 0  2533
2 29499  98.7018 270.8162 0001020  82.5631 277.5659 14.21490454 40359
1 29499U 06044A   07212.75366345 -.00000018  00000-0  11587-4 0  2560
2 29499  98.7012 271.7879 0001013  81.7052 278.4232 14.21490121 40491
1 29499U 06044A   07213.03521737 -.00000063  00000-0 -90151-5 0  2544
2 29499  98.7012 272.0654 0001011  82.4756 277.6526 14.21489874 40538
1 29499U 06044A   07213.80949040 -.00000090  00000-0 -21255-4 0  2560
2 29499  98.7006 272.8286 0001008  81.6774 278.4515 14.21489779 40640
1 29499U 06044A   07214.09104427 -.00000115  00000-0 -32401-4 0  2556
2 29499  98.7005 273.1061 0001010  81.0905 279.0384 14.21489665 40686
1 29499U 06044A   07214.79492880 -.00000074  00000-0 -13729-4 0  2574
2 29499  98.7002 273.8000 0001021  81.6865 278.4437 14.21489839 40782
1 29499U 06044A   07215.42842447  .00000061  00000-0  47904-4 0  2568
2 29499  98.6997 274.4244 0000999  83.7923 276.3395 14.21490570 40876
1 29499U 06044A   07215.78036603  .00000032  00000-0  34665-4 0  2575
2 29499  98.6998 274.7712 0001012  85.4123 274.7167 14.21490499 40923
1 29499U 06044A   07216.76580306  .00000116  00000-0  72916-4 0  2572
2 29499  98.6993 275.7426 0000973  84.3364 275.7915 14.21491210 41061
1 29499U 06044A   07217.75124119 -.00000064  00000-0 -90570-5 0  2603
2 29499  98.6993 276.7143 0000963  86.3641 273.7634 14.21490430 41202
1 29499U 06044A   07218.17357218 -.00000113  00000-0 -31682-4 0  2588
2 29499  98.6992 277.1309 0001007  90.1753 269.9542 14.21490178 41267
1 29499U 06044A   07218.87745669 -.00000205  00000-0 -73790-4 0  2607
2 29499  98.6993 277.8245 0000977  88.9208 271.2074 14.21489588 41369
1 29499U 06044A   07219.22939920 -.00000137  00000-0 -42599-4 0  2597
2 29499  98.6991 278.1714 0000960  85.8503 274.2807 14.21489936 41418
1 29499U 06044A   07219.86289452 -.00000079  00000-0 -16314-4 0  2619
2 29499  98.6996 278.7960 0000984  83.3034 276.8254 14.21490148 41501
1 29499U 06044A   07220.56677812  .00000111  00000-0  70606-4 0  2607
2 29499  98.6997 279.4898 0000945  80.0263 280.1032 14.21491207 41605
1 29499U 06044A   07220.91871981  .00000157  00000-0  91806-4 0  2615
2 29499  98.6998 279.8366 0000961  80.6195 279.5084 14.21491408 41655
1 29499U 06044A   07221.90415704  .00000076  00000-0  54604-4 0  2640
2 29499  98.6996 280.8079 0000945  79.2543 280.8716 14.21491264 41791
1 29499U 06044A   07222.18571104 -.00000010  00000-0  15590-4 0  2615
2 29499  98.6995 281.0854 0000966  78.8712 281.2563 14.21490978 41831
1 29499U 06044A   07222.95998362 -.00000133  00000-0 -40688-4 0  2634
2 29499  98.6998 281.8487 0000940  75.8404 284.2847 14.21490287 41944
1 29499U 06044A   07223.24153794 -.00000202  00000-0 -72546-4 0  2623
2 29499  98.6999 282.1262 0000942  76.7607 283.3667 14.21489925 41988
1 29499U 06044A   07223.80464560 -.00000197  00000-0 -69878-4 0  2640
2 29499  98.6998 282.6813 0000943  75.6054 284.5228 14.21489817 42065
1 29499U 06044A   07224.50852957 -.00000086  00000-0 -19171-4 0  2636
2 29499  98.7000 283.3749 0000927  78.6220 281.5075 14.21490349 42166
1 29499U 06044A   07224.79008303 -.00000058  00000-0 -64458-5 0  2644
2 29499  98.7000 283.6525 0000943  78.5314 281.5972 14.21490452 42208
1 29499U 06044A   07225.84590785  .00000111  00000-0  70774-4 0  2646
2 29499  98.6993 284.6928 0000920  84.1016 276.0251 14.21491447 42353
1 29499U 06044A   07226.76095675  .00000108  00000-0  69234-4 0  2674
2 29499  98.6990 285.5950 0000901  82.7831 277.3441 14.21491693 42485
1 29499U 06044A   07227.04251036  .00000059  00000-0  47129-4 0  2653
2 29499  98.6991 285.8724 0000888  83.5023 276.6244 14.21491475 42520
1 29499U 06044A   07227.81678296 -.00000107  00000-0 -29113-4 0  2670
2 29499  98.6991 286.6359 0000894  86.4809 273.6461 14.21490775 42636
1 29499U 06044A   07228.09833679 -.00000092  00000-0 -22122-4 0  2664
2 29499  98.6989 286.9134 0000880  86.6046 273.5243 14.21490875 42679
1 29499U 06044A   07228.80222069 -.00000071  00000-0 -12300-4 0  2684
2 29499  98.6982 287.6066 0000885  85.1779 274.9502 14.21490907 42776
1 29499U 06044A   07229.50610461  .00000001  00000-0  20534-4 0  2677
2 29499  98.6976 288.3003 0000862  85.3296 274.8000 14.21491309 42879
1 29499U 06044A   07229.85804613  .00000061  00000-0  47712-4 0  2683
2 29499  98.6979 288.6472 0000885  84.3231 275.8053 14.21491593 42928
1 29499U 06044A   07230.77309439  .00000070  00000-0  51764-4 0  2684
2 29499  98.6978 289.5492 0000885  81.8477 278.2788 14.21491852 43058
1 29499U 06044A   07231.75853173 -.00000031  00000-0  56391-5 0  2716
2 29499  98.6976 290.5204 0000870  83.9661 276.1606 14.21491517 43190
1 29499U 06044A   07232.04008542 -.00000045  00000-0 -74159-6 0  2697
2 29499  98.6977 290.7978 0000875  84.8224 275.3048 14.21491400 43238
1 29499U 06044A   07232.81435761 -.00000099  00000-0 -25449-4 0  2717
2 29499  98.6973 291.5608 0000865  83.1362 276.9904 14.21491157 43346
1 29499U 06044A   07233.09591137 -.00000095  00000-0 -23411-4 0  2700
2 29499  98.6972 291.8381 0000863  82.9821 277.1464 14.21491229 43389
1 29499U 06044A   07233.72940676 -.00000180  00000-0 -62223-4 0  2727
2 29499  98.6973 292.4625 0000849  85.9654 274.1607 14.21490665 43478
1 29499U 06044A   07234.71484434 -.00000016  00000-0  12834-4 0  2711
2 29499  98.6977 293.4336 0000853  86.3115 273.8194 14.21491505 43611
1 29499U 06044A   07235.34833839  .00000120  00000-0  74721-4 0  2738
2 29499  98.6974 294.0577 0000819  90.7448 269.3827 14.21492268 43702
1 29499U 06044A   07235.98183331  .00000089  00000-0  60688-4 0  2723
2 29499  98.6976 294.6820 0000808  91.6453 268.4808 14.21492223 43794
1 29499U 06044A   07236.75610523  .00000034  00000-0  35622-4 0  2749
2 29499  98.6973 295.4450 0000801  93.8240 266.3027 14.21492148 43909
1 29499U 06044A   07237.03765864 -.00000008  00000-0  16314-4 0  2738
2 29499  98.6976 295.7226 0000803  95.1472 264.9784 14.21491887 43947
1 29499U 06044A   07237.81193122 -.00000190  00000-0 -66970-4 0  2754
2 29499  98.6977 296.4856 0000805  96.6119 263.5136 14.21490956 44056
1 29499U 06044A   07238.09348513 -.00000197  00000-0 -70183-4 0  2748
2 29499  98.6977 296.7631 0000798  94.4720 265.6554 14.21490927 44094
1 29499U 06044A   07238.79736896 -.00000108  00000-0 -29424-4 0  2766
2 29499  98.6976 297.4566 0000819  91.3599 268.7682 14.21491204 44198
1 29499U 06044A   07239.50125249 -.00000021  00000-0  10381-4 0  2754
2 29499  98.6972 298.1501 0000798  90.9339 269.1950 14.21491667 44291
1 29499U 06044A   07239.85319391  .00000069  00000-0  51484-4 0  2766
2 29499  98.6973 298.4971 0000825  89.4232 270.7049 14.21492083 44348
1 29499U 06044A   07240.69785348  .00000126  00000-0  77748-4 0  3260
2 29499  98.6975 299.3296 0000800  88.3924 271.7353 14.21492668 44460
1 29499U 06044A   07240.76824168  .00000144  00000-0  85782-4 0  2763
2 29499  98.6975 299.3990 0000810  88.0615 272.0654 14.21492733 44478
1 29499U 06044A   07241.40173969  .00000097  00000-0  64152-4 0  2788
2 29499  98.6971 300.0233 0000836  89.5237 270.6177 14.21492589 44561
1 29499U 06044A   07241.75367852 -.00000002  00000-0  19062-4 0  2790
2 29499  98.6973 300.3702 0000816  90.2446 269.8812 14.21492199 44615
1 29499U 06044A   07242.73911566 -.00000109  00000-0 -29727-4 0  2794
2 29499  98.6965 301.3409 0000799  87.7987 272.3268 14.21491722 44752
1 29499U 06044A   07243.72455263 -.00000080  00000-0 -16495-4 0  2821
2 29499  98.6962 302.3116 0000819  89.7146 270.4129 14.21491925 44892
1 29499U 06044A   07244.00610599 -.00000026  00000-0  79429-5 0  2802
2 29499  98.6963 302.5891 0000823  92.4660 267.6622 14.21492141 44934
1 29499U 06044A   07244.70998860  .00000045  00000-0  40330-4 0  2829
2 29499  98.6962 303.2826 0000808  92.5523 267.5747 14.21492670 45037
1 29499U 06044A   07245.34348340  .00000105  00000-0  67731-4 0  2812
2 29499  98.6957 303.9071 0000838  96.4072 263.7205 14.21493020 45122
1 29499U 06044A   07245.69542481  .00000035  00000-0  35750-4 0  2821
2 29499  98.6957 304.2537 0000837  99.3245 260.8028 14.21492862 45175
1 29499U 06044A   07246.39930815 -.00000019  00000-0  11133-4 0  2823
2 29499  98.6958 304.9472 0000865  99.9457 260.1813 14.21492600 45279
1 29499U 06044A   07246.82163819 -.00000126  00000-0 -37680-4 0  2839
2 29499  98.6958 305.3632 0000823  98.4643 261.6608 14.21492051 45332
1 29499U 06044A   07247.45513377 -.00000146  00000-0 -46919-4 0  2834
2 29499  98.6956 305.9871 0000838  97.3029 262.8249 14.21491938 45420
1 29499U 06044A   07247.80707547 -.00000170  00000-0 -57722-4 0  2849
2 29499  98.6957 306.3339 0000844  97.9533 262.1737 14.21491730 45478
1 29499U 06044A   07248.79251177 -.00000043  00000-0  45021-6 0  2840
2 29499  98.6960 307.3049 0000839  99.3477 260.7797 14.21492321 45611
1 29499U 06044A   07249.77794758  .00000095  00000-0  63440-4 0  2878
2 29499  98.6960 308.2756 0000823  95.7535 264.3736 14.21493184 45750
1 29499U 06044A   07249.77795745  .00000016  00000-0  71180-5 0  2857
2 29499  98.6962 308.2753 0000798  87.1197 273.0550 14.21492601 45753
1 29499U 06044A   07250.05950077  .00000106  00000-0  68364-4 0  2861
2 29499  98.6961 308.5531 0000826  93.8168 266.3100 14.21493279 45795
1 29499U 06044A   07251.18571392 -.00000078  00000-0 -15522-4 0  2874
2 29499  98.6963 309.6625 0000845  99.3618 260.7647 14.21492568 45957
1 29499U 06044A   07252.45270441 -.00000203  00000-0 -72910-4 0  2881
2 29499  98.6960 310.9107 0000861 100.7349 259.3923 14.21491770 46136
1 29499U 06044A   07252.80464631 -.00000187  00000-0 -65429-4 0  2895
2 29499  98.6960 311.2573 0000862  98.2303 261.8974 14.21491740 46185
1 29499U 06044A   07253.79008235  .00000021  00000-0  29452-4 0  2899
2 29499  98.6956 312.2276 0000870  97.4387 262.6900 14.21492770 46321
1 29499U 06044A   07254.70512928  .00000147  00000-0  87114-4 0  2922
2 29499  98.6954 313.1290 0000835  98.2528 261.8743 14.21493680 46453
1 29499U 06044A   07255.05707063  .00000152  00000-0  89250-4 0  2904
2 29499  98.6955 313.4756 0000855  98.4344 261.6922 14.21493749 46503
1 29499U 06044A   07255.76095347  .00000046  00000-0  40980-4 0  2928
2 29499  98.6951 314.1692 0000801  97.4738 262.6518 14.21493452 46607
1 29499U 06044A   07256.74639004 -.00000185  00000-0 -64742-4 0  2918
2 29499  98.6950 315.1404 0000802  98.5534 261.5716 14.21492437 46740
1 29499U 06044A   07257.73182692 -.00000204  00000-0 -73060-4 0  2942
2 29499  98.6942 316.1109 0000810  97.6332 262.4934 14.21492176 46886
1 29499U 06044A   07258.01338039 -.00000151  00000-0 -49251-4 0  2926
2 29499  98.6942 316.3881 0000808  96.0837 264.0439 14.21492328 46927
1 29499U 06044A   07258.71726289  .00000056  00000-0  45570-4 0  2945
2 29499  98.6939 317.0816 0000799  93.3287 266.8013 14.21493541 47025
1 29499U 06044A   07259.35075686  .00000162  00000-0  93857-4 0  2932
2 29499  98.6937 317.7057 0000807 100.2468 259.8825 14.21494117 47119
1 29499U 06044A   07259.70269762  .00000146  00000-0  86627-4 0  2941
2 29499  98.6937 318.0522 0000804  99.8569 260.2701 14.21494219 47169
1 29499U 06044A   07260.40658027  .00000136  00000-0  82144-4 0  2945
2 29499  98.6935 318.7457 0000840 102.7177 257.4095 14.21494288 47261
1 29499U 06044A   07260.75852146  .00000073  00000-0  53534-4 0  2953
2 29499  98.6935 319.0924 0000805 100.6820 259.4440 14.21494108 47310
1 29499U 06044A   07262.72939472 -.00000195  00000-0 -69093-4 0  2987
2 29499  98.6929 321.0329 0000828 101.3226 258.8054 14.21492638 47598
1 29499U 06044A   07263.08133618 -.00000141  00000-0 -44650-4 0  2966
2 29499  98.6928 321.3797 0000833  99.0554 261.0722 14.21492767 47649
1 29499U 06044A   07263.78521846 -.00000007  00000-0  16742-4 0  2980
2 29499  98.6929 322.0727 0000856 102.2526 257.8763 14.21493574 47748
1 29499U 06044A   07264.13715955  .00000105  00000-0  68147-4 0  2979
2 29499  98.6927 322.4192 0000843 100.2652 259.8646 14.21494231 47798
1 29499U 06044A   07264.77065300  .00000173  00000-0  99125-4 0  2998
2 29499  98.6927 323.0430 0000812  99.2338 260.8934 14.21494755 47887
1 29499U 06044A   07265.47453547  .00000141  00000-0  84536-4 0  2984
2 29499  98.6928 323.7361 0000841 100.2680 259.8585 14.21494683 47984
1 29499U 06044A   07265.75608849  .00000045  00000-0  40555-4 0  2999
2 29499  98.6930 324.0135 0000844 102.1379 257.9879 14.21494280 48023
1 29499U 06044A   07266.74152536 -.00000261  00000-0 -99431-4 0  2995
2 29499  98.6927 324.9840 0000893 103.7698 256.3573 14.21492774 48161
1 29499U 06044A   07267.79735044 -.00000149  00000-0 -48341-4 0  3004
2 29499  98.6929 326.0239 0000926 100.3239 259.8070 14.21492963 48316
1 29499U 06044A   07268.78278499  .00000064  00000-0  48998-4 0  3035
2 29499  98.6931 326.9946 0000947 104.0336 256.0950 14.21494034 48457
1 29499U 06044A   07269.13472620  .00000169  00000-0  97056-4 0  3010
2 29499  98.6931 327.3415 0000911 106.1817 253.9486 14.21494631 48500
1 29499U 06044A   07269.76821986  .00000137  00000-0  82491-4 0  3036
2 29499  98.6931 327.9654 0000933 104.8361 255.2920 14.21494714 48593
1 29499U 06044A   07270.40171412  .00000122  00000-0  75875-4 0  3022
2 29499  98.6929 328.5894 0000950 106.3200 253.8088 14.21494760 48681
1 29499U 06044A   07270.68326687  .00000036  00000-0  36421-4 0  3037
2 29499  98.6927 328.8663 0000918 105.1082 255.0189 14.21494499 48725
1 29499U 06044A   07271.66870288 -.00000121  00000-0 -35208-4 0  3036
2 29499  98.6926 329.8372 0000926 103.5452 256.5825 14.21493806 48863
1 29499U 06044A   07272.79491531 -.00000074  00000-0 -14020-4 0  3048
2 29499  98.6924 330.9461 0000945 101.3083 258.8215 14.21493927 49021
1 29499U 06044A   07274.06190242  .00000118  00000-0  73656-4 0  3053
2 29499  98.6916 332.1932 0000950  95.0800 265.0481 14.21495136 49200
1 29499U 06044A   07274.76578456  .00000122  00000-0  75538-4 0  3075
2 29499  98.6910 332.8861 0000942  94.2648 265.8636 14.21495324 49304
1 29499U 06044A   07275.39927890  .00000019  00000-0  28638-4 0  3068
2 29499  98.6905 333.5096 0000974  96.3096 263.8190 14.21494865 49392
1 29499U 06044A   07275.75122003 -.00000083  00000-0 -17765-4 0  3074
2 29499  98.6906 333.8564 0000952  96.3060 263.8214 14.21494404 49445
1 29499U 06044A   07276.73665580 -.00000162  00000-0 -54147-4 0  3078
2 29499  98.6904 334.8265 0000973  94.2148 265.9135 14.21493949 49582
1 29499U 06044A   07277.72209132 -.00000062  00000-0 -81964-5 0  3106
2 29499  98.6903 335.7964 0000970  96.2076 263.9229 14.21494322 49720
1 29499U 06044A   07278.07403221  .00000022  00000-0  30155-4 0  3086
2 29499  98.6905 336.1429 0000972  95.1278 265.0029 14.21494770 49770
1 29499U 06044A   07278.77791358  .00000092  00000-0  61919-4 0  3106
2 29499  98.6905 336.8359 0000958  97.0151 263.1141 14.21495306 49875
1 29499U 06044A   07279.48179548  .00000145  00000-0  86023-4 0  3096
2 29499  98.6904 337.5289 0000960  95.4310 264.6983 14.21495681 49973
1 29499U 06044A   07280.74878345 -.00000047  00000-0 -14311-5 0  3105
2 29499  98.6906 338.7765 0000955  95.1105 265.0182 14.21494941 50156
1 29499U 06044A   07281.73421923 -.00000224  00000-0 -82331-4 0  3137
2 29499  98.6905 339.7466 0000961  95.0025 265.1264 14.21493972 50291
1 29499U 06044A   07282.01577224 -.00000225  00000-0 -82962-4 0  3114
2 29499  98.6909 340.0239 0000970  93.8225 266.3052 14.21493753 50336
1 29499U 06044A   07282.79004276 -.00000017  00000-0  12257-4 0  3131
2 29499  98.6910 340.7865 0000968  93.1816 266.9502 14.21494796 50442
1 29499U 06044A   07283.07159506  .00000054  00000-0  44536-4 0  3124
2 29499  98.6909 341.0636 0000953  93.0698 267.0611 14.21495245 50488
1 29499U 06044A   07283.77547612  .00000179  00000-0  10166-3 0  3141
2 29499  98.6906 341.7565 0000946  94.8792 265.2497 14.21496001 50583
1 29499U 06044A   07284.12741684  .00000160  00000-0  93035-4 0  3132
2 29499  98.6906 342.1031 0000955  95.8296 264.2983 14.21495999 50636
1 29499U 06044A   07284.76091037  .00000086  00000-0  59286-4 0  3151
2 29499  98.6905 342.7269 0000936  97.3285 262.7989 14.21495859 50722
1 29499U 06044A   07285.39440450 -.00000004  00000-0  17960-4 0  3141
2 29499  98.6903 343.3507 0000969  98.2358 261.8923 14.21495433 50815
1 29499U 06044A   07285.74634556 -.00000153  00000-0 -49859-4 0  3151
2 29499  98.6899 343.6970 0000937  98.3085 261.8179 14.21494757 50865
1 29499U 06044A   07286.73178123 -.00000193  00000-0 -68337-4 0  3150
2 29499  98.6899 344.6672 0000969  98.7031 261.4269 14.21494478 51008
1 29499U 06044A   07287.64682726  .00000033  00000-0  34882-4 0  3182
2 29499  98.6892 345.5678 0000974  96.2115 263.9193 14.21495619 51134
1 29499U 06044A   07287.99876777  .00000104  00000-0  67381-4 0  3168
2 29499  98.6890 345.9140 0000997  93.7778 266.3514 14.21495956 51185
1 29499U 06044A   07288.70264881  .00000177  00000-0  10088-3 0  3188
2 29499  98.6888 346.6071 0000979  96.0123 264.1169 14.21496633 51289
1 29499U 06044A   07289.05458938  .00000120  00000-0  74685-4 0  3176
2 29499  98.6890 346.9535 0000998  96.5095 263.6174 14.21496371 51339
1 29499U 06044A   07289.75847114  .00000067  00000-0  50726-4 0  3193
2 29499  98.6888 347.6464 0000999  98.5423 261.5866 14.21496386 51435
1 29499U 06044A   07290.32157660 -.00000062  00000-0 -82357-5 0  3180
2 29499  98.6885 348.2006 0001009  95.4295 264.6977 14.21495793 51514
1 29499U 06044A   07290.74390605 -.00000140  00000-0 -44248-4 0  3198
2 29499  98.6883 348.6161 0000991  94.3778 265.7501 14.21495396 51571
1 29499U 06044A   07291.72934102 -.00000162  00000-0 -54318-4 0  3196
2 29499  98.6878 349.5860 0000995  92.7451 267.3848 14.21495208 51715
1 29499U 06044A   07292.71477501 -.00000000  00000-0  19927-4 0  3222
2 29499  98.6877 350.5558 0001005  94.7498 265.3809 14.21495994 51858
1 29499U 06044A   07292.99632739  .00000033  00000-0  35057-4 0  3203
2 29499  98.6874 350.8327 0001029  95.8514 264.2784 14.21496155 51893
1 29499U 06044A   07293.70020842  .00000051  00000-0  43131-4 0  3223
2 29499  98.6873 351.5256 0001017 100.0103 260.1188 14.21496415 51994
1 29499U 06044A   07294.40409004  .00000105  00000-0  68110-4 0  3215
2 29499  98.6873 352.2186 0001017  95.8186 264.3113 14.21496730 52092
1 29499U 06044A   07294.75603056  .00000029  00000-0  33390-4 0  3224
2 29499  98.6874 352.5650 0001006  97.0300 263.0988 14.21496498 52145
1 29499U 06044A   07295.74146500 -.00000119  00000-0 -34379-4 0  3220
2 29499  98.6876 353.5348 0001033  99.0125 261.1161 14.21495803 52285
1 29499U 06044A   07296.72689956 -.00000093  00000-0 -22356-4 0  3252
2 29499  98.6881 354.5050 0001039  97.1996 262.9309 14.21495865 52420
1 29499U 06044A   07297.00845206 -.00000070  00000-0 -12171-4 0  3233
2 29499  98.6884 354.7822 0001027  96.6312 263.4984 14.21495901 52465
1 29499U 06044A   07297.71233321  .00000056  00000-0  45330-4 0  3257
2 29499  98.6887 355.4753 0001064  98.1643 261.9670 14.21496635 52565
1 29499U 06044A   07298.34582638  .00000066  00000-0  49946-4 0  3242
2 29499  98.6892 356.0992 0001041  97.3064 262.8246 14.21496751 52654
1 29499U 06044A   07298.69776671  .00000106  00000-0  68610-4 0  3257
2 29499  98.6893 356.4456 0001018  91.5326 268.5973 14.21497061 52706
1 29499U 06044A   07299.40164789  .00000079  00000-0  55959-4 0  3259
2 29499  98.6890 357.1383 0001052  92.4808 267.6488 14.21497040 52802
1 29499U 06044A   07300.73902311 -.00000179  00000-0 -62077-4 0  3262
2 29499  98.6889 358.4552 0001048  91.9705 268.1582 14.21495751 52995
1 29499U 06044A   07301.72445734 -.00000050  00000-0 -28472-5 0  3296
2 29499  98.6885 359.4249 0001086  93.4668 266.6659 14.21496412 53132
1 29499U 06044A   07302.07639756 -.00000034  00000-0  43493-5 0  3273
2 29499  98.6883 359.7714 0001099  92.6884 267.4419 14.21496460 53186
1 29499U 06044A   07302.70989027  .00000124  00000-0  76711-4 0  3291
2 29499  98.6881   0.3947 0001111  95.2892 264.8434 14.21497440 53271
1 29499U 06044A   07303.34338269  .00000255  00000-0  13652-3 0  3286
2 29499  98.6876   1.0183 0001091  93.8007 266.3318 14.21498262 53365
1 29499U 06044A   07303.69532248  .00000181  00000-0  10275-3 0  3294
2 29499  98.6874   1.3644 0001101  96.4986 263.6306 14.21498075 53410
1 29499U 06044A   07304.68075594  .00000009  00000-0  23949-4 0  3292
2 29499  98.6870   2.3338 0001090  98.0302 262.0990 14.21497557 53555
1 29499U 06044A   07305.73657854 -.00000246  00000-0 -92322-4 0  3302
2 29499  98.6870   3.3725 0001132  98.8115 261.3184 14.21496183 53701
1 29499U 06044A   07306.72201199 -.00000108  00000-0 -29498-4 0  3333
2 29499  98.6870   4.3419 0001127  96.0158 264.1159 14.21496851 53843
1 29499U 06044A   07307.00356427 -.00000033  00000-0  50636-5 0  3313
2 29499  98.6869   4.6189 0001096  92.7598 267.3711 14.21497116 53882
1 29499U 06044A   07307.91860835  .00000113  00000-0  71588-4 0  3345
2 29499  98.6869   5.5192 0001065  90.7143 269.4143 14.21498040 54011
1 29499U 06044A   07308.27054893  .00000119  00000-0  74480-4 0  3322
2 29499  98.6870   5.8656 0001062  91.5358 268.5943 14.21498150 54060
1 29499U 06044A   07308.76326502  .00000072  00000-0  52834-4 0  3344
2 29499  98.6869   6.3505 0001027  88.5168 271.6105 14.21498054 54139
1 29499U 06044A   07309.46714659 -.00000021  00000-0  10218-4 0  3330
2 29499  98.6867   7.0430 0001057  85.9783 274.1517 14.21497703 54235
1 29499U 06044A   07309.81908696 -.00000117  00000-0 -33738-4 0  3345
2 29499  98.6867   7.3893 0001022  86.5190 273.6090 14.21497206 54285
1 29499U 06044A   07310.73413288 -.00000154  00000-0 -50334-4 0  3348
2 29499  98.6865   8.2897 0001025  85.1324 274.9976 14.21496878 54410
1 29499U 06044A   07311.78995401  .00000033  00000-0  34833-4 0  3357
2 29499  98.6867   9.3287 0001037  87.8873 272.2453 14.21497802 54563
1 29499U 06044A   07312.77538598  .00000156  00000-0  91425-4 0  3386
2 29499  98.6869  10.2987 0001022  85.6904 274.4403 14.21498684 54702
1 29499U 06044A   07313.05693783  .00000151  00000-0  88922-4 0  3367
2 29499  98.6870  10.5759 0001027  85.6079 274.5209 14.21498706 54746
1 29499U 06044A   07313.76081821  .00000071  00000-0  52286-4 0  3386
2 29499  98.6870  11.2686 0001009  86.2963 273.8315 14.21498526 54843
1 29499U 06044A   07314.39431115 -.00000065  00000-0 -95879-5 0  3371
2 29499  98.6870  11.8922 0001036  87.9863 272.1416 14.21497859 54931
1 29499U 06044A   07314.74625186 -.00000156  00000-0 -51141-4 0  3388
2 29499  98.6870  12.2386 0000989  84.3011 275.8269 14.21497434 54982
1 29499U 06044A   07315.73168554 -.00000151  00000-0 -49176-4 0  3389
2 29499  98.6862  13.2078 0000995  80.7428 279.3874 14.21497333 55127
1 29499U 06044A   07316.71711828  .00000034  00000-0  35422-4 0  3417
2 29499  98.6857  14.1772 0000986  79.4962 280.6360 14.21498276 55267
1 29499U 06044A   07316.99866985  .00000056  00000-0  45328-4 0  3399
2 29499  98.6858  14.4539 0000995  79.7522 280.3769 14.21498404 55305
1 29499U 06044A   07317.70254947  .00000207  00000-0  11452-3 0  3419
2 29499  98.6852  15.1463 0000963  80.5635 279.5660 14.21499479 55407
1 29499U 06044A   07318.40642975  .00000109  00000-0  69760-4 0  3405
2 29499  98.6848  15.8386 0000974  84.5530 275.5751 14.21499108 55500
1 29499U 06044A   07318.75836993  .00000029  00000-0  32951-4 0  3412
2 29499  98.6847  16.1848 0000951  84.3656 275.7620 14.21498817 55556
1 29499U 06044A   07319.74380295 -.00000127  00000-0 -37982-4 0  3411
2 29499  98.6841  17.1539 0000951  84.1744 275.9537 14.21498161 55690
1 29499U 06044A   07320.72923591 -.00000159  00000-0 -52832-4 0  3442
2 29499  98.6843  18.1233 0000977  86.5410 273.5891 14.21497987 55836
1 29499U 06044A   07321.01078797 -.00000057  00000-0 -60877-5 0  3428
2 29499  98.6844  18.4004 0000987  85.2884 274.8418 14.21498378 55876
1 29499U 06044A   07321.71466752  .00000092  00000-0  61829-4 0  3443
2 29499  98.6843  19.0928 0000984  84.7381 275.3919 14.21499274 55979
1 29499U 06044A   07322.06660733  .00000146  00000-0  86706-4 0  3437
2 29499  98.6844  19.4392 0000978  83.4863 276.6434 14.21499627 56028
1 29499U 06044A   07323.05203909  .00000087  00000-0  59747-4 0  3467
2 29499  98.6845  20.4091 0000995  85.2382 274.8896 14.21499516 56166
1 29499U 06044A   07323.40397929  .00000051  00000-0  43069-4 0  3441
2 29499  98.6843  20.7553 0001013  85.0679 275.0603 14.21499382 56215
1 29499U 06044A   07323.75591951  .00000006  00000-0  22852-4 0  3458
2 29499  98.6845  21.1016 0000987  83.0234 277.1054 14.21499272 56266
1 29499U 06044A   07324.45979980 -.00000079  00000-0 -16097-4 0  3454
2 29499  98.6845  21.7940 0001012  81.7133 278.4151 14.21498884 56362
1 29499U 06044A   07324.81174008 -.00000188  00000-0 -65947-4 0  3462
2 29499  98.6848  22.1406 0001000  84.4029 275.7243 14.21498243 56415
1 29499U 06044A   07325.79717291 -.00000129  00000-0 -38935-4 0  3469
2 29499  98.6847  23.1102 0001010  81.6546 278.4747 14.21498381 56559
1 29499U 06044A   07326.78260447  .00000057  00000-0  45848-4 0  3497
2 29499  98.6850  24.0797 0001011  80.8885 279.2418 14.21499440 56697
1 29499U 06044A   07327.13454423  .00000122  00000-0  75714-4 0  3472
2 29499  98.6849  24.4258 0001013  77.0720 283.0585 14.21499901 56745
1 29499U 06044A   07327.76803569  .00000076  00000-0  54864-4 0  3493
2 29499  98.6850  25.0490 0000971  78.7114 281.4160 14.21499748 56839
1 29499U 06044A   07328.40152786  .00000081  00000-0  56944-4 0  3489
2 29499  98.6847  25.6722 0000967  76.8153 283.3131 14.21499838 56925
1 29499U 06044A   07329.73890035 -.00000202  00000-0 -72401-4 0  3496
2 29499  98.6840  26.9876 0000953  81.3181 278.8094 14.21498526 57111
1 29499U 06044A   07331.07627226  .00000018  00000-0  27977-4 0  3509
2 29499  98.6835  28.3029 0000928  79.7614 280.3691 14.21499624 57307
1 29499U 06044A   07332.13208996  .00000262  00000-0  13958-3 0  3511
2 29499  98.6831  29.3414 0000926  82.9153 277.2136 14.21501350 57459
1 29499U 06044A   07332.76558116  .00000161  00000-0  93609-4 0  3534
2 29499  98.6826  29.9643 0000879  83.6200 276.5056 14.21501014 57541
1 29499U 06044A   07333.39907317  .00000062  00000-0  48089-4 0  3526
2 29499  98.6823  30.5875 0000904  86.3864 273.7407 14.21500651 57633
1 29499U 06044A   07333.68062511 -.00000111  00000-0 -30791-4 0  3535
2 29499  98.6823  30.8642 0000862  91.0849 269.0410 14.21499896 57671
1 29499U 06044A   07334.73644557 -.00000280  00000-0 -10785-3 0  3535
2 29499  98.6823  31.9025 0000860  92.3938 267.7336 14.21498936 57822
1 29499U 06044A   07335.72187720  .00000053  00000-0  43917-4 0  3562
2 29499  98.6829  32.8719 0000888  88.9179 271.2140 14.21500408 57962
1 29499U 06044A   07336.07381618  .00000120  00000-0  74628-4 0  3549
2 29499  98.6828  33.2179 0000876  88.0284 272.1007 14.21500813 58010
1 29499U 06044A   07336.77769464  .00000204  00000-0  11311-3 0  3569
2 29499  98.6824  33.9100 0000838  88.5320 271.5946 14.21501459 58114
1 29499U 06044A   07337.41118607  .00000143  00000-0  85475-4 0  3552
2 29499  98.6828  34.5333 0000847  90.5443 269.5821 14.21501317 58204
1 29499U 06044A   07338.74855766 -.00000128  00000-0 -38772-4 0  3567
2 29499  98.6828  35.8488 0000843  82.7477 277.3788 14.21500192 58394
1 29499U 06044A   07339.73398978 -.00000256  00000-0 -97276-4 0  3593
2 29499  98.6832  36.8183 0000863  82.6535 277.4739 14.21499354 58538
1 29499U 06044A   07340.08592985 -.00000131  00000-0 -39800-4 0  3576
2 29499  98.6831  37.1644 0000854  80.6191 279.5108 14.21499870 58580
1 29499U 06044A   07340.78980879  .00000001  00000-0  20596-4 0  3594
2 29499  98.6832  37.8569 0000867  82.0343 278.0959 14.21500583 58686
1 29499U 06044A   07341.77523844  .00000135  00000-0  81415-4 0  3594
2 29499  98.6834  38.8264 0000853  80.7550 279.3714 14.21501469 58824
1 29499U 06044A   07342.76066933  .00000075  00000-0  54002-4 0  3590
2 29499  98.6832  39.7955 0000870  78.2289 281.8977 14.21501407 58965
1 29499U 06044A   07343.74610078 -.00000151  00000-0 -49305-4 0  3625
2 29499  98.6830  40.7650 0000829  82.0178 278.1086 14.21500396 59104
1 29499U 06044A   07344.02765272 -.00000197  00000-0 -70287-4 0  3605
2 29499  98.6830  41.0420 0000822  83.1374 276.9888 14.21500074 59149
1 29499U 06044A   07344.80192048 -.00000145  00000-0 -46502-4 0  3624
2 29499  98.6826  41.8034 0000852  79.1919 280.9372 14.21500278 59257
1 29499U 06044A   07345.78735046  .00000075  00000-0  54115-4 0  3633
2 29499  98.6822  42.7724 0000834  75.9178 284.2101 14.21501435 59398
1 29499U 06044A   07346.35045321  .00000123  00000-0  75893-4 0  3626
2 29499  98.6820  43.3263 0000811  77.0558 283.0708 14.21501795 59479
1 29499U 06044A   07346.84316839  .00000067  00000-0  50519-4 0  3631
2 29499  98.6817  43.8106 0000821  82.1868 277.9388 14.21501603 59540
1 29499U 06044A   07347.47665938  .00000146  00000-0  86745-4 0  3636
2 29499  98.6811  44.4334 0000829  80.4206 279.7068 14.21502188 59633
1 29499U 06044A   07348.74364167 -.00000115  00000-0 -32544-4 0  3644
2 29499  98.6808  45.6790 0000798  84.6763 275.4497 14.21501157 59811
1 29499U 06044A   07349.72907242 -.00000081  00000-0 -17033-4 0  3671
2 29499  98.6808  46.6481 0000812  86.5322 273.5945 14.21501212 59952
1 29499U 06044A   07350.01062414 -.00000024  00000-0  91510-5 0  3655
2 29499  98.6809  46.9250 0000816  83.9837 276.1443 14.21501488 59997
1 29499U 06044A   07350.71450234  .00000082  00000-0  57174-4 0  3675
2 29499  98.6808  47.6172 0000800  83.9456 276.1825 14.21502237 60097
1 29499U 06044A   07351.06644140  .00000116  00000-0  72819-4 0  3665
2 29499  98.6807  47.9632 0000784  83.5102 276.6176 14.21502536 60147
1 29499U 06044A   07351.77031941  .00000113  00000-0  71412-4 0  3689
2 29499  98.6806  48.6555 0000757  84.1064 276.0194 14.21502750 60245
1 29499U 06044A   07352.12225869  .00000128  00000-0  78326-4 0  3679
2 29499  98.6807  49.0017 0000784  80.0485 280.0769 14.21502839 60292
1 29499U 06044A   07352.82613744 -.00000003  00000-0  18405-4 0  3696
2 29499  98.6808  49.6940 0000772  80.1504 279.9741 14.21502305 60390
1 29499U 06044A   07353.45962885 -.00000141  00000-0 -44380-4 0  3683
2 29499  98.6807  50.3171 0000791  80.1742 279.9511 14.21501628 60481
1 29499U 06044A   07353.81156859 -.00000179  00000-0 -61914-4 0  3693
2 29499  98.6807  50.6630 0000791  81.2187 278.9082 14.21501434 60532
1 29499U 06044A   07354.58583546 -.00000122  00000-0 -35964-4 0  3699
2 29499  98.6802  51.4242 0000805  79.0988 281.0298 14.21501662 60644
1 29499U 06044A   07355.71204051  .00000058  00000-0  46275-4 0  3701
2 29499  98.6804  52.5319 0000803  77.6196 282.5073 14.21502536 60802
1 29499U 06044A   07356.83824568  .00000033  00000-0  35095-4 0  3718
2 29499  98.6804  53.6393 0000785  78.8945 281.2304 14.21502618 60961
1 29499U 06044A   07358.03483955 -.00000068  00000-0 -11270-4 0  3723
2 29499  98.6806  54.8160 0000775  83.9347 276.1915 14.21502217 61136
1 29499U 06044A   07358.87949413 -.00000144  00000-0 -45769-4 0  3748
2 29499  98.6802  55.6461 0000789  89.4702 270.6565 14.21501805 61251
1 29499U 06044A   07359.16104570 -.00000094  00000-0 -23001-4 0  3736
2 29499  98.6803  55.9232 0000751  88.9446 271.1839 14.21502086 61295
1 29499U 06044A   07359.86492389  .00000025  00000-0  31271-4 0  3753
2 29499  98.6801  56.6148 0000803  89.4780 270.6505 14.21502649 61392
1 29499U 06044A   07360.21686279  .00000086  00000-0  59389-4 0  3743
2 29499  98.6800  56.9613 0000755  89.1399 270.9887 14.21503041 61449
1 29499U 06044A   07360.56880148  .00000142  00000-0  84762-4 0  3759
2 29499  98.6800  57.3072 0000767  90.2081 269.9204 14.21503508 61491
1 29499U 06044A   07361.34306725  .00000157  00000-0  91826-4 0  3755
2 29499  98.6796  58.0686 0000776  88.8481 271.2793 14.21503743 61604
1 29499U 06044A   07361.69500603  .00000109  00000-0  69634-4 0  3764
2 29499  98.6795  58.4143 0000771  87.1255 273.0004 14.21503661 61650
1 29499U 06044A   07362.39888428  .00000039  00000-0  37778-4 0  3762
2 29499  98.6791  59.1066 0000771  90.5482 269.5775 14.21503418 61754
1 29499U 06044A   07362.82121128 -.00000056  00000-0 -54882-5 0  3775
2 29499  98.6788  59.5214 0000742  91.2167 268.9083 14.21503017 61812
1 29499U 06044A   07363.45470206 -.00000104  00000-0 -27467-4 0  3771
2 29499  98.6783  60.1443 0000749  89.2330 270.8930 14.21502794 61909
1 29499U 06044A   07363.80664133 -.00000146  00000-0 -46862-4 0  3781
2 29499  98.6783  60.4903 0000752  88.0677 272.0576 14.21502504 61952
1 29499U 06044A   07364.79207107 -.00000059  00000-0 -72788-5 0  3784
2 29499  98.6779  61.4589 0000757  90.4784 269.6494 14.21502910 62097
1 29499U 06044A   07365.84788718  .00000089  00000-0  60693-4 0  3796
2 29499  98.6782  62.4969 0000747  89.9867 270.1390 14.21503827 62245
<End of file>
