540.00
540.10
540.20
540.30
540.40
540.50
540.60
540.70
540.80
540.90
541.00
541.10
541.20
541.30
541.40
541.50
541.60
541.70
541.80
541.90
542.00
542.10
542.20
542.30
542.40
542.50
542.60
542.70
542.80
542.90
543.00
543.10
543.20
543.30
543.40
543.50
543.60
543.70
543.80
543.90
544.00
544.10
544.20
544.30
544.40
544.50
544.60
544.70
544.80
544.90
545.00
545.10
545.20
545.30
545.40
545.50
545.60
545.70
545.80
545.90
546.00
546.10
546.20
546.30
546.40
546.50
546.60
546.70
546.80
546.90
547.00
547.10
547.20
547.30
547.40
547.50
547.60
547.70
547.80
547.90
548.00
548.10
548.20
548.30
548.40
548.50
548.60
548.70
548.80
548.90
549.00
549.10
549.20
549.30
549.40
549.50
549.60
549.70
549.80
549.90
550.00
550.10
550.20
550.30
550.40
550.50
550.60
550.70
550.80
550.90
551.00
551.10
551.20
551.30
551.40
551.50
551.60
551.70
551.80
551.90
552.00
552.10
552.20
552.30
552.40
552.50
552.60
552.70
552.80
552.90
553.00
553.10
553.20
553.30
553.40
553.50
553.60
553.70
553.80
553.90
554.00
554.10
554.20
554.30
554.40
554.50
554.60
554.70
554.80
554.90
555.00
555.10
555.20
555.30
555.40
555.50
555.60
555.70
555.80
555.90
556.00
556.10
556.20
556.30
556.40
556.50
556.60
556.70
556.80
556.90
557.00
557.10
557.20
557.30
557.40
557.50
557.60
557.70
557.80
557.90
558.00
558.10
558.20
558.30
558.40
558.50
558.60
558.70
558.80
558.90
559.00
559.10
559.20
559.30
559.40
559.50
559.60
559.70
559.80
559.90
560.00
560.10
560.20
560.30
560.40
560.50
560.60
560.70
560.80
560.90
561.00
561.10
561.20
561.30
561.40
561.50
561.60
561.70
561.80
561.90
562.00
562.10
562.20
562.30
562.40
562.50
562.60
562.70
562.80
562.90
563.00
563.10
563.20
563.30
563.40
563.50
563.60
563.70
563.80
563.90
564.00
564.10
564.20
564.30
564.40
564.50
564.60
564.70
564.80
564.90
565.00
565.10
565.20
565.30
565.40
565.50
565.60
565.70
565.80
565.90
566.00
566.10
566.20
566.30
566.40
566.50
566.60
566.70
566.80
566.90
567.00
567.10
567.20
567.30
567.40
567.50
567.60
567.70
567.80
567.90
568.00
568.10
568.20
568.30
568.40
568.50
568.60
568.70
568.80
568.90
569.00
569.10
569.20
569.30
569.40
569.50
569.60
569.70
569.80
569.90
570.00
570.10
570.20
570.30
570.40
570.50
570.60
570.70
570.80
570.90
571.00
571.10
571.20
571.30
571.40
571.50
571.60
571.70
571.80
571.90
572.00
572.10
572.20
572.30
572.40
572.50
572.60
572.70
572.80
572.90
573.00
573.10
573.20
573.30
573.40
573.50
573.60
573.70
573.80
573.90
574.00
574.10
574.20
574.30
574.40
574.50
574.60
574.70
574.80
574.90
575.00
575.10
575.20
575.30
575.40
575.50
575.60
575.70
575.80
575.90
576.00
576.10
576.20
576.30
576.40
576.50
576.60
576.70
576.80
576.90
577.00
577.10
577.20
577.30
577.40
577.50
577.60
577.70
577.80
577.90
578.00
578.10
578.20
578.30
578.40
578.50
578.60
578.70
578.80
578.90
579.00
579.10
579.20
579.30
579.40
579.50
579.60
579.70
579.80
579.90
580.00
580.10
580.20
580.30
580.40
580.50
580.60
580.70
580.80
580.90
581.00
581.10
581.20
581.30
581.40
581.50
581.60
581.70
581.80
581.90
582.00
582.10
582.20
582.30
582.40
582.50
582.60
582.70
582.80
582.90
583.00
583.10
583.20
583.30
583.40
583.50
583.60
583.70
583.80
583.90
584.00
584.10
584.20
584.30
584.40
584.50
584.60
584.70
584.80
584.90
585.00
585.10
585.20
585.30
585.40
585.50
585.60
585.70
585.80
585.90
586.00
586.10
586.20
586.30
586.40
586.50
586.60
586.70
586.80
586.90
587.00
587.10
587.20
587.30
587.40
587.50
587.60
587.70
587.80
587.90
588.00
588.10
588.20
588.30
588.40
588.50
588.60
588.70
588.80
588.90
589.00
589.10
589.20
589.30
589.40
589.50
589.60
589.70
589.80
589.90
590.00
590.10
590.20
590.30
590.40
590.50
590.60
590.70
590.80
590.90
591.00
591.10
591.20
591.30
591.40
591.50
591.60
591.70
591.80
591.90
592.00
592.10
592.20
592.30
592.40
592.50
592.60
592.70
592.80
592.90
593.00
593.10
593.20
593.30
593.40
593.50
593.60
593.70
593.80
593.90
594.00
594.10
594.20
594.30
594.40
594.50
594.60
594.70
594.80
594.90
595.00
595.10
595.20
595.30
595.40
595.50
595.60
595.70
595.80
595.90
596.00
596.10
596.20
596.30
596.40
596.50
596.60
596.70
596.80
596.90
597.00
597.10
597.20
597.30
597.40
597.50
597.60
597.70
597.80
597.90
598.00
598.10
598.20
598.30
598.40
598.50
598.60
598.70
598.80
598.90
599.00
599.10
599.20
599.30
599.40
599.50
599.60
599.70
599.80
599.90
600.00
600.10
600.20
600.30
600.40
600.50
600.60
600.70
600.80
600.90
601.00
601.10
601.20
601.30
601.40
601.50
601.60
601.70
601.80
601.90
602.00
602.10
602.20
602.30
602.40
602.50
602.60
602.70
602.80
602.90
603.00
603.10
603.20
603.30
603.40
603.50
603.60
603.70
603.80
603.90
604.00
604.10
604.20
604.30
604.40
604.50
604.60
604.70
604.80
604.90
605.00
605.10
605.20
605.30
605.40
605.50
605.60
605.70
605.80
605.90
606.00
606.10
606.20
606.30
606.40
606.50
606.60
606.70
606.80
606.90
607.00
607.10
607.20
607.30
607.40
607.50
607.60
607.70
607.80
607.90
608.00
608.10
608.20
608.30
608.40
608.50
608.60
608.70
608.80
608.90
609.00
609.10
609.20
609.30
609.40
609.50
609.60
609.70
609.80
609.90
610.00
610.10
610.20
610.30
610.40
610.50
610.60
610.70
610.80
610.90
611.00
611.10
611.20
611.30
611.40
611.50
611.60
611.70
611.80
611.90
612.00
612.10
612.20
612.30
612.40
612.50
612.60
612.70
612.80
612.90
613.00
613.10
613.20
613.30
613.40
613.50
613.60
613.70
613.80
613.90
614.00
614.10
614.20
614.30
614.40
614.50
614.60
614.70
614.80
614.90
615.00
615.10
615.20
615.30
615.40
615.50
615.60
615.70
615.80
615.90
616.00
616.10
616.20
616.30
616.40
616.50
616.60
616.70
616.80
616.90
617.00
617.10
617.20
617.30
617.40
617.50
617.60
617.70
617.80
617.90
618.00
618.10
618.20
618.30
618.40
618.50
618.60
618.70
618.80
618.90
619.00
619.10
619.20
619.30
619.40
619.50
619.60
619.70
619.80
619.90
620.00
620.10
620.20
620.30
620.40
620.50
620.60
620.70
620.80
620.90
621.00
621.10
621.20
621.30
621.40
621.50
621.60
621.70
621.80
621.90
622.00
622.10
622.20
622.30
622.40
622.50
622.60
622.70
622.80
622.90
623.00
623.10
623.20
623.30
623.40
623.50
623.60
623.70
623.80
623.90
624.00
624.10
624.20
624.30
624.40
624.50
624.60
624.70
624.80
624.90
625.00
625.10
625.20
625.30
625.40
625.50
625.60
625.70
625.80
625.90
626.00
626.10
626.20
626.30
626.40
626.50
626.60
626.70
626.80
626.90
627.00
627.10
627.20
627.30
627.40
627.50
627.60
627.70
627.80
627.90
628.00
628.10
628.20
628.30
628.40
628.50
628.60
628.70
628.80
628.90
629.00
629.10
629.20
629.30
629.40
629.50
629.60
629.70
629.80
629.90
630.00
630.10
630.20
630.30
630.40
630.50
630.60
630.70
630.80
630.90
631.00
631.10
631.20
631.30
631.40
631.50
631.60
631.70
631.80
631.90
632.00
632.10
632.20
632.30
632.40
632.50
632.60
632.70
632.80
632.90
633.00
633.10
633.20
633.30
633.40
633.50
633.60
633.70
633.80
633.90
634.00
634.10
634.20
634.30
634.40
634.50
634.60
634.70
634.80
634.90
635.00
635.10
635.20
635.30
635.40
635.50
635.60
635.70
635.80
635.90
636.00
636.10
636.20
636.30
636.40
636.50
636.60
636.70
636.80
636.90
637.00
637.10
637.20
637.30
637.40
637.50
637.60
637.70
637.80
637.90
638.00
638.10
638.20
638.30
638.40
638.50
638.60
638.70
638.80
638.90
639.00
639.10
639.20
639.30
639.40
639.50
639.60
639.70
639.80
639.90
640.00
640.10
640.20
640.30
640.40
640.50
640.60
640.70
640.80
640.90
641.00
641.10
641.20
641.30
641.40
641.50
641.60
641.70
641.80
641.90
642.00
642.10
642.20
642.30
642.40
642.50
642.60
642.70
642.80
642.90
643.00
643.10
643.20
643.30
643.40
643.50
643.60
643.70
643.80
643.90
644.00
644.10
644.20
644.30
644.40
644.50
644.60
644.70
644.80
644.90
645.00
645.10
645.20
645.30
645.40
645.50
645.60
645.70
645.80
645.90
646.00
646.10
646.20
646.30
646.40
646.50
646.60
646.70
646.80
646.90
647.00
647.10
647.20
647.30
647.40
647.50
647.60
647.70
647.80
647.90
648.00
648.10
648.20
648.30
648.40
648.50
648.60
648.70
648.80
648.90
649.00
649.10
649.20
649.30
649.40
649.50
649.60
649.70
649.80
649.90
650.00
650.10
650.20
650.30
650.40
650.50
650.60
650.70
650.80
650.90
651.00
651.10
651.20
651.30
651.40
651.50
651.60
651.70
651.80
651.90
652.00
652.10
652.20
652.30
652.40
652.50
652.60
652.70
652.80
652.90
653.00
653.10
653.20
653.30
653.40
653.50
653.60
653.70
653.80
653.90
654.00
654.10
654.20
654.30
654.40
654.50
654.60
654.70
654.80
654.90
655.00
655.10
655.20
655.30
655.40
655.50
655.60
655.70
655.80
655.90
656.00
656.10
656.20
656.30
656.40
656.50
656.60
656.70
656.80
656.90
657.00
657.10
657.20
657.30
657.40
657.50
657.60
657.70
657.80
657.90
658.00
658.10
658.20
658.30
658.40
658.50
658.60
658.70
658.80
658.90
659.00
659.10
659.20
659.30
659.40
659.50
659.60
659.70
659.80
659.90
660.00
660.10
660.20
660.30
660.40
660.50
660.60
660.70
660.80
660.90
661.00
661.10
661.20
661.30
661.40
661.50
661.60
661.70
661.80
661.90
662.00
662.10
662.20
662.30
662.40
662.50
662.60
662.70
662.80
662.90
663.00
663.10
663.20
663.30
663.40
663.50
663.60
663.70
663.80
663.90
664.00
664.10
664.20
664.30
664.40
664.50
664.60
664.70
664.80
664.90
665.00
665.10
665.20
665.30
665.40
665.50
665.60
665.70
665.80
665.90
666.00
666.10
666.20
666.30
666.40
666.50
666.60
666.70
666.80
666.90
667.00
667.10
667.20
667.30
667.40
667.50
667.60
667.70
667.80
667.90
668.00
668.10
668.20
668.30
668.40
668.50
668.60
668.70
668.80
668.90
669.00
669.10
669.20
669.30
669.40
669.50
669.60
669.70
669.80
669.90
670.00
670.10
670.20
670.30
670.40
670.50
670.60
670.70
670.80
670.90
671.00
671.10
671.20
671.30
671.40
671.50
671.60
671.70
671.80
671.90
672.00
672.10
672.20
672.30
672.40
672.50
672.60
672.70
672.80
672.90
673.00
673.10
673.20
673.30
673.40
673.50
673.60
673.70
673.80
673.90
674.00
674.10
674.20
674.30
674.40
674.50
674.60
674.70
674.80
674.90
675.00
675.10
675.20
675.30
675.40
675.50
675.60
675.70
675.80
675.90
676.00
676.10
676.20
676.30
676.40
676.50
676.60
676.70
676.80
676.90
677.00
677.10
677.20
677.30
677.40
677.50
677.60
677.70
677.80
677.90
678.00
678.10
678.20
678.30
678.40
678.50
678.60
678.70
678.80
678.90
679.00
679.10
679.20
679.30
679.40
679.50
679.60
679.70
679.80
679.90
680.00
680.10
680.20
680.30
680.40
680.50
680.60
680.70
680.80
680.90
681.00
681.10
681.20
681.30
681.40
681.50
681.60
681.70
681.80
681.90
682.00
682.10
682.20
682.30
682.40
682.50
682.60
682.70
682.80
682.90
683.00
683.10
683.20
683.30
683.40
683.50
683.60
683.70
683.80
683.90
684.00
684.10
684.20
684.30
684.40
684.50
684.60
684.70
684.80
684.90
685.00
685.10
685.20
685.30
685.40
685.50
685.60
685.70
685.80
685.90
686.00
686.10
686.20
686.30
686.40
686.50
686.60
686.70
686.80
686.90
687.00
687.10
687.20
687.30
687.40
687.50
687.60
687.70
687.80
687.90
688.00
688.10
688.20
688.30
688.40
688.50
688.60
688.70
688.80
688.90
689.00
689.10
689.20
689.30
689.40
689.50
689.60
689.70
689.80
689.90
690.00
690.10
690.20
690.30
690.40
690.50
690.60
690.70
690.80
690.90
691.00
691.10
691.20
691.30
691.40
691.50
691.60
691.70
691.80
691.90
692.00
692.10
692.20
692.30
692.40
692.50
692.60
692.70
692.80
692.90
693.00
693.10
693.20
693.30
693.40
693.50
693.60
693.70
693.80
693.90
694.00
694.10
694.20
694.30
694.40
694.50
694.60
694.70
694.80
694.90
695.00
695.10
695.20
695.30
695.40
695.50
695.60
695.70
695.80
695.90
696.00
696.10
696.20
696.30
696.40
696.50
696.60
696.70
696.80
696.90
697.00
697.10
697.20
697.30
697.40
697.50
697.60
697.70
697.80
697.90
698.00
698.10
698.20
698.30
698.40
698.50
698.60
698.70
698.80
698.90
699.00
699.10
699.20
699.30
699.40
699.50
699.60
699.70
699.80
699.90
700.00
700.10
700.20
700.30
700.40
700.50
700.60
700.70
700.80
700.90
701.00
701.10
701.20
701.30
701.40
701.50
701.60
701.70
701.80
701.90
702.00
702.10
702.20
702.30
702.40
702.50
702.60
702.70
702.80
702.90
703.00
703.10
703.20
703.30
703.40
703.50
703.60
703.70
703.80
703.90
704.00
704.10
704.20
704.30
704.40
704.50
704.60
704.70
704.80
704.90
705.00
705.10
705.20
705.30
705.40
705.50
705.60
705.70
705.80
705.90
706.00
706.10
706.20
706.30
706.40
706.50
706.60
706.70
706.80
706.90
707.00
707.10
707.20
707.30
707.40
707.50
707.60
707.70
707.80
707.90
708.00
708.10
708.20
708.30
708.40
708.50
708.60
708.70
708.80
708.90
709.00
709.10
709.20
709.30
709.40
709.50
709.60
709.70
709.80
709.90
710.00
710.10
710.20
710.30
710.40
710.50
710.60
710.70
710.80
710.90
711.00
711.10
711.20
711.30
711.40
711.50
711.60
711.70
711.80
711.90
712.00
712.10
712.20
712.30
712.40
712.50
712.60
712.70
712.80
712.90
713.00
713.10
713.20
713.30
713.40
713.50
713.60
713.70
713.80
713.90
714.00
714.10
714.20
714.30
714.40
714.50
714.60
714.70
714.80
714.90
715.00
715.10
715.20
715.30
715.40
715.50
715.60
715.70
715.80
715.90
716.00
716.10
716.20
716.30
716.40
716.50
716.60
716.70
716.80
716.90
717.00
717.10
717.20
717.30
717.40
717.50
717.60
717.70
717.80
717.90
718.00
718.10
718.20
718.30
718.40
718.50
718.60
718.70
718.80
718.90
719.00
719.10
719.20
719.30
719.40
719.50
719.60
719.70
719.80
719.90
720.00
720.10
720.20
720.30
720.40
720.50
720.60
720.70
720.80
720.90
721.00
721.10
721.20
721.30
721.40
721.50
721.60
721.70
721.80
721.90
722.00
722.10
722.20
722.30
722.40
722.50
722.60
722.70
722.80
722.90
723.00
723.10
723.20
723.30
723.40
723.50
723.60
723.70
723.80
723.90
724.00
724.10
724.20
724.30
724.40
724.50
724.60
724.70
724.80
724.90
725.00
725.10
725.20
725.30
725.40
725.50
725.60
725.70
725.80
725.90
726.00
726.10
726.20
726.30
726.40
726.50
726.60
726.70
726.80
726.90
727.00
727.10
727.20
727.30
727.40
727.50
727.60
727.70
727.80
727.90
728.00
728.10
728.20
728.30
728.40
728.50
728.60
728.70
728.80
728.90
729.00
729.10
729.20
729.30
729.40
729.50
729.60
729.70
729.80
729.90
730.00
730.10
730.20
730.30
730.40
730.50
730.60
730.70
730.80
730.90
731.00
731.10
731.20
731.30
731.40
731.50
731.60
731.70
731.80
731.90
732.00
732.10
732.20
732.30
732.40
732.50
732.60
732.70
732.80
732.90
733.00
733.10
733.20
733.30
733.40
733.50
733.60
733.70
733.80
733.90
734.00
734.10
734.20
734.30
734.40
734.50
734.60
734.70
734.80
734.90
735.00
735.10
735.20
735.30
735.40
735.50
735.60
735.70
735.80
735.90
736.00
736.10
736.20
736.30
736.40
736.50
736.60
736.70
736.80
736.90
737.00
737.10
737.20
737.30
737.40
737.50
737.60
737.70
737.80
737.90
738.00
738.10
738.20
738.30
738.40
738.50
738.60
738.70
738.80
738.90
739.00
739.10
739.20
739.30
739.40
739.50
739.60
739.70
739.80
739.90
740.00
740.10
740.20
740.30
740.40
740.50
740.60
740.70
740.80
740.90
741.00
741.10
741.20
741.30
741.40
741.50
741.60
741.70
741.80
741.90
742.00
742.10
742.20
742.30
742.40
742.50
742.60
742.70
742.80
742.90
743.00
743.10
743.20
743.30
743.40
743.50
743.60
743.70
743.80
743.90
744.00
744.10
744.20
744.30
744.40
744.50
744.60
744.70
744.80
744.90
745.00
745.10
745.20
745.30
745.40
745.50
745.60
745.70
745.80
745.90
746.00
746.10
746.20
746.30
746.40
746.50
746.60
746.70
746.80
746.90
747.00
747.10
747.20
747.30
747.40
747.50
747.60
747.70
747.80
747.90
748.00
748.10
748.20
748.30
748.40
748.50
748.60
748.70
748.80
748.90
749.00
749.10
749.20
749.30
749.40
749.50
749.60
749.70
749.80
749.90
750.00
750.10
750.20
750.30
750.40
750.50
750.60
750.70
750.80
750.90
751.00
751.10
751.20
751.30
751.40
751.50
751.60
751.70
751.80
751.90
752.00
752.10
752.20
752.30
752.40
752.50
752.60
752.70
752.80
752.90
753.00
753.10
753.20
753.30
753.40
753.50
753.60
753.70
753.80
753.90
754.00
754.10
754.20
754.30
754.40
754.50
754.60
754.70
754.80
754.90
755.00
755.10
755.20
755.30
755.40
755.50
755.60
755.70
755.80
755.90
756.00
756.10
756.20
756.30
756.40
756.50
756.60
756.70
756.80
756.90
757.00
757.10
757.20
757.30
757.40
757.50
757.60
757.70
757.80
757.90
758.00
758.10
758.20
758.30
758.40
758.50
758.60
758.70
758.80
758.90
759.00
759.10
759.20
759.30
759.40
759.50
759.60
759.70
759.80
759.90
760.00
760.10
760.20
760.30
760.40
760.50
760.60
760.70
760.80
760.90
761.00
761.10
761.20
761.30
761.40
761.50
761.60
761.70
761.80
761.90
762.00
762.10
762.20
762.30
762.40
762.50
762.60
762.70
762.80
762.90
763.00
763.10
763.20
763.30
763.40
763.50
763.60
763.70
763.80
763.90
764.00
764.10
764.20
764.30
764.40
764.50
764.60
764.70
764.80
764.90
765.00
765.10
765.20
765.30
765.40
765.50
765.60
765.70
765.80
765.90
766.00
766.10
766.20
766.30
766.40
766.50
766.60
766.70
766.80
766.90
767.00
767.10
767.20
767.30
767.40
767.50
767.60
767.70
767.80
767.90
768.00
768.10
768.20
768.30
768.40
768.50
768.60
768.70
768.80
768.90
769.00
769.10
769.20
769.30
769.40
769.50
769.60
769.70
769.80
769.90
770.00
770.10
770.20
770.30
770.40
770.50
770.60
770.70
770.80
770.90
771.00
771.10
771.20
771.30
771.40
771.50
771.60
771.70
771.80
771.90
772.00
772.10
772.20
772.30
772.40
772.50
772.60
772.70
772.80
772.90
773.00
773.10
773.20
773.30
773.40
773.50
773.60
773.70
773.80
773.90
774.00
774.10
774.20
774.30
774.40
774.50
774.60
774.70
774.80
774.90
775.00
775.10
775.20
775.30
775.40
775.50
775.60
775.70
775.80
775.90
776.00
776.10
776.20
776.30
776.40
776.50
776.60
776.70
776.80
776.90
777.00
777.10
777.20
777.30
777.40
777.50
777.60
777.70
777.80
777.90
778.00
778.10
778.20
778.30
778.40
778.50
778.60
778.70
778.80
778.90
779.00
779.10
779.20
779.30
779.40
779.50
779.60
779.70
779.80
779.90
780.00
780.10
780.20
780.30
780.40
780.50
780.60
780.70
780.80
780.90
781.00
781.10
781.20
781.30
781.40
781.50
781.60
781.70
781.80
781.90
782.00
782.10
782.20
782.30
782.40
782.50
782.60
782.70
782.80
782.90
783.00
783.10
783.20
783.30
783.40
783.50
783.60
783.70
783.80
783.90
784.00
784.10
784.20
784.30
784.40
784.50
784.60
784.70
784.80
784.90
785.00
785.10
785.20
785.30
785.40
785.50
785.60
785.70
785.80
785.90
786.00
786.10
786.20
786.30
786.40
786.50
786.60
786.70
786.80
786.90
787.00
787.10
787.20
787.30
787.40
787.50
787.60
787.70
787.80
787.90
788.00
788.10
788.20
788.30
788.40
788.50
788.60
788.70
788.80
788.90
789.00
789.10
789.20
789.30
789.40
789.50
789.60
789.70
789.80
789.90
790.00
790.10
790.20
790.30
790.40
790.50
790.60
790.70
790.80
790.90
791.00
791.10
791.20
791.30
791.40
791.50
791.60
791.70
791.80
791.90
792.00
792.10
792.20
792.30
792.40
792.50
792.60
792.70
792.80
792.90
793.00
793.10
793.20
793.30
793.40
793.50
793.60
793.70
793.80
793.90
794.00
794.10
794.20
794.30
794.40
794.50
794.60
794.70
794.80
794.90
795.00
795.10
795.20
795.30
795.40
795.50
795.60
795.70
795.80
795.90
796.00
796.10
796.20
796.30
796.40
796.50
796.60
796.70
796.80
796.90
797.00
797.10
797.20
797.30
797.40
797.50
797.60
797.70
797.80
797.90
798.00
798.10
798.20
798.30
798.40
798.50
798.60
798.70
798.80
798.90
799.00
799.10
799.20
799.30
799.40
799.50
799.60
799.70
799.80
799.90
800.00
